round,steps,score,coins,crates,bombs,invalid,killed_self,got_killed,survived,epsilon,mean_abs_td,total_reward
1,19,0,0,3,1,5,1,1,0,1.0,0.91411,-16.868
2,5,0,0,3,1,3,1,1,0,0.9997,2.45,-12.235
3,19,0,0,3,1,7,1,1,0,0.9994,0.70162,-13.287
4,15,0,0,2,1,8,1,1,0,0.9991,0.86649,-14.011
5,6,0,0,4,1,3,1,1,0,0.9988,2.4642,-15.206
6,13,0,0,4,1,8,1,1,0,0.9985,1.32818,-19.436
7,8,0,0,3,1,5,1,1,0,0.9982,1.54242,-13.004
8,7,0,0,2,1,4,1,1,0,0.9979,1.7991,-12.3
9,15,0,0,3,1,4,1,1,0,0.9976,0.75423,-11.242
10,6,0,0,2,1,2,1,1,0,0.9973,1.76059,-10.466
11,25,0,0,5,2,11,1,1,0,0.997,0.70838,-15.984
12,8,0,0,2,1,6,1,1,0,0.9967,1.60425,-13.792
13,5,0,0,3,1,3,1,1,0,0.9964,2.85241,-15.404
14,17,0,0,6,2,9,1,1,0,0.9961,0.94249,-13.729
15,23,0,0,5,2,10,1,1,0,0.9958,0.78905,-17.711
16,8,0,0,3,1,3,1,1,0,0.9955,1.42854,-11.792
17,18,0,0,6,2,9,1,1,0,0.9952,0.79628,-13.053
18,26,0,0,6,2,13,1,1,0,0.995,0.66113,-15.282
19,8,0,0,3,1,3,1,1,0,0.9947,1.50651,-10.066
20,11,0,0,5,1,5,1,1,0,0.9944,1.11524,-15.083
21,10,0,0,2,1,4,1,1,0,0.9941,1.20911,-14.646
22,17,0,0,6,2,7,1,1,0,0.9938,0.83681,-10.781
23,7,0,0,2,1,3,1,1,0,0.9935,1.69851,-11.461
24,11,0,0,3,1,7,1,1,0,0.9932,1.1762,-18.686
25,18,0,0,4,2,7,1,1,0,0.9929,0.87821,-12.111
26,10,0,0,3,1,7,1,1,0,0.9926,1.29561,-17.627
27,16,0,0,6,2,6,1,1,0,0.9923,0.81306,-14.237
28,25,0,0,3,2,11,1,1,0,0.992,0.6434,-16.651
29,33,0,0,1,1,12,1,1,0,0.9917,0.49127,-17.758
30,17,0,0,3,1,7,1,1,0,0.9914,0.77166,-19.592
31,14,0,0,4,2,8,1,1,0,0.9911,0.97935,-16.69
32,9,0,0,5,1,4,1,1,0,0.9908,1.37127,-14.667
33,11,0,0,5,1,3,1,1,0,0.9905,1.07564,-13.271
34,20,0,0,5,2,7,1,1,0,0.9902,0.7383,-14.221
35,16,0,0,5,2,5,1,1,0,0.9899,0.80843,-10.26
36,18,0,0,2,2,5,1,1,0,0.9896,0.79771,-12.596
37,13,0,0,3,1,6,1,1,0,0.9893,1.26065,-21.307
38,35,1,1,7,3,10,1,1,0,0.989,0.60305,-16.749
39,12,0,0,3,1,5,1,1,0,0.9887,1.06729,-19.49
40,30,0,0,2,2,14,1,1,0,0.9884,0.65667,-27.793
41,9,0,0,2,1,5,1,1,0,0.9881,1.61866,-15.993
42,29,1,1,8,3,10,1,1,0,0.9878,0.66494,-16.72
43,20,0,0,4,2,7,1,1,0,0.9875,0.80397,-18.649
44,26,1,1,5,3,8,1,1,0,0.9872,0.72937,-12.283
45,21,0,0,3,1,5,1,1,0,0.9869,0.66269,-16.25
46,44,1,1,5,2,15,1,1,0,0.9866,0.52719,-21.073
47,26,2,2,3,2,10,1,1,0,0.9863,0.67769,-14.698
48,26,0,0,7,2,5,1,1,0,0.986,0.57414,-16.675
49,27,0,0,9,3,11,1,1,0,0.9858,0.70498,-15.174
50,40,1,1,9,4,11,1,1,0,0.9855,0.4865,-15.237
51,44,1,1,6,4,15,1,1,0,0.9852,0.4452,-21.01
52,48,0,0,5,2,15,1,1,0,0.9849,0.44287,-27.09
53,19,0,0,3,2,5,1,1,0,0.9846,0.82367,-19.745
54,18,0,0,6,2,11,1,1,0,0.9843,0.76322,-22.1
55,5,0,0,1,1,1,1,1,0,0.984,2.4303,-14.078
56,17,0,0,3,2,6,1,1,0,0.9837,0.95654,-17.268
57,18,1,1,4,2,7,1,1,0,0.9834,0.75926,-14.765
58,49,0,0,7,3,15,1,1,0,0.9831,0.43995,-31.61
59,10,0,0,4,1,4,1,1,0,0.9828,1.30008,-12.957
60,11,0,0,3,1,5,1,1,0,0.9825,1.45157,-21.716
61,19,0,0,5,2,5,1,1,0,0.9822,0.79015,-17.492
62,27,0,0,4,2,10,1,1,0,0.9819,0.72684,-27.073
63,34,0,0,5,4,10,1,1,0,0.9816,0.59467,-18.358
64,10,0,0,2,1,3,1,1,0,0.9813,1.22521,-13.016
65,20,0,0,5,2,6,1,1,0,0.981,0.78859,-18.748
66,17,0,0,4,2,9,1,1,0,0.9807,1.07632,-21.988
67,30,1,1,4,3,8,1,1,0,0.9804,0.56503,-13.623
68,44,2,2,6,4,13,1,1,0,0.9801,0.51241,-14.704
69,25,0,0,6,3,7,1,1,0,0.9798,0.67523,-17.69
70,31,1,1,7,3,9,1,1,0,0.9795,0.59078,-21.88
71,16,0,0,4,2,5,1,1,0,0.9792,0.99157,-14.485
72,29,0,0,4,2,12,1,1,0,0.9789,0.68917,-30.729
73,9,0,0,1,1,5,1,1,0,0.9786,1.4829,-21.002
74,18,0,0,3,2,5,1,1,0,0.9783,0.86166,-21.727
75,26,0,0,8,3,11,1,1,0,0.978,0.71852,-15.509
76,18,0,0,5,2,5,1,1,0,0.9777,0.8344,-19.496
77,18,2,2,2,2,4,1,1,0,0.9774,0.76201,-13.291
78,22,1,1,5,3,5,1,1,0,0.9771,0.81549,-14.93
79,38,2,2,5,3,8,1,1,0,0.9768,0.52719,-22.137
80,23,0,0,5,3,9,1,1,0,0.9765,0.72521,-15.575
81,18,0,0,4,2,7,1,1,0,0.9762,0.82466,-16.323
82,8,0,0,3,1,2,1,1,0,0.976,1.62269,-16.021
83,22,0,0,4,2,6,1,1,0,0.9757,0.73215,-23.238
84,28,0,0,4,2,8,1,1,0,0.9754,0.62581,-30.61
85,6,0,0,3,1,1,1,1,0,0.9751,1.66491,-9.778
86,25,1,1,5,3,8,1,1,0,0.9748,0.65634,-20.487
87,24,0,0,5,3,6,1,1,0,0.9745,0.75065,-20.41
88,19,0,0,4,2,5,1,1,0,0.9742,0.80425,-20.039
89,26,0,0,6,3,8,1,1,0,0.9739,0.6365,-21.528
90,7,0,0,2,1,4,1,1,0,0.9736,1.80306,-14.572
91,6,0,0,2,1,2,1,1,0,0.9733,2.13051,-15.389
92,42,1,1,7,4,12,1,1,0,0.973,0.52091,-22.771
93,6,0,0,2,1,2,1,1,0,0.9727,2.21687,-15.591
94,32,0,0,7,3,7,1,1,0,0.9724,0.46007,-12.176
95,7,0,0,2,1,2,1,1,0,0.9721,1.73082,-16.027
96,11,0,0,2,1,5,1,1,0,0.9718,1.30642,-18.68
97,7,0,0,2,1,2,1,1,0,0.9715,1.65415,-14.234
98,6,0,0,2,1,3,1,1,0,0.9712,1.83025,-17.948
99,6,0,0,2,1,3,1,1,0,0.9709,1.86244,-18.074
100,7,0,0,3,1,3,1,1,0,0.9706,2.13316,-21.927
101,8,0,0,5,1,4,1,1,0,0.9703,1.45166,-19.39
102,6,0,0,2,1,3,1,1,0,0.97,2.20169,-18.066
103,5,0,0,4,1,3,1,1,0,0.9697,2.52408,-19.283
104,43,0,0,6,4,15,1,1,0,0.9694,0.50631,-17.233
105,8,0,0,3,1,3,1,1,0,0.9691,1.56873,-15.368
106,17,1,1,2,2,4,1,1,0,0.9688,0.95296,-12.261
107,27,0,0,5,3,10,1,1,0,0.9685,0.73126,-19.816
108,54,0,0,7,6,19,1,1,0,0.9682,0.45631,-31.182
109,17,0,0,2,2,5,1,1,0,0.9679,0.89707,-19.304
110,14,0,0,7,2,5,1,1,0,0.9676,0.9606,-19.816
111,27,1,1,7,3,10,1,1,0,0.9673,0.69901,-22.533
112,16,0,0,5,2,4,1,1,0,0.967,0.93485,-21.242
113,9,0,0,1,1,6,1,1,0,0.9667,1.56223,-17.938
114,27,1,1,4,3,9,1,1,0,0.9665,0.66619,-22.679
115,25,0,0,5,3,4,1,1,0,0.9662,0.57688,-18.207
116,32,1,1,5,3,6,1,1,0,0.9659,0.54771,-21.603
117,18,0,0,4,1,7,1,1,0,0.9656,0.83861,-21.015
118,14,0,0,5,1,3,1,1,0,0.9653,0.77089,-15.197
119,32,0,0,3,2,6,1,1,0,0.965,0.47984,-22.617
120,17,1,1,5,2,2,1,1,0,0.9647,0.78252,-12.826
121,14,0,0,3,2,6,1,1,0,0.9644,0.94077,-22.627
122,14,0,0,8,2,5,1,1,0,0.9641,0.98923,-20.519
123,25,3,3,10,3,5,1,1,0,0.9638,0.61124,-14.741
124,42,0,0,8,3,9,1,1,0,0.9635,0.39616,-32.999
125,23,0,0,5,2,11,1,1,0,0.9632,0.75889,-30.056
126,45,2,2,10,5,16,1,1,0,0.9629,0.5253,-23.231
127,17,0,0,1,1,2,1,1,0,0.9626,0.67302,-20.306
128,7,0,0,2,1,4,1,1,0,0.9623,1.54757,-15.053
129,27,1,1,10,3,7,1,1,0,0.962,0.63088,-24.112
130,25,0,0,6,2,5,1,1,0,0.9617,0.59004,-18.22
131,15,0,0,2,2,8,1,1,0,0.9614,1.08681,-20.519
132,38,0,0,6,3,11,1,1,0,0.9611,0.54149,-26.992
133,56,1,1,13,4,15,1,1,0,0.9608,0.45258,-19.035
134,54,2,2,13,5,13,1,1,0,0.9605,0.48848,-8.705
135,6,0,0,4,1,2,1,1,0,0.9602,2.20745,-22.071
136,10,0,0,1,1,7,1,1,0,0.9599,1.31385,-22.885
137,50,1,1,6,4,16,1,1,0,0.9596,0.49861,-30.101
138,26,0,0,5,2,10,1,1,0,0.9593,0.67979,-30.699
139,24,0,0,7,3,7,1,1,0,0.959,0.67828,-11.813
140,5,0,0,3,1,1,1,1,0,0.9587,2.16932,-16.483
141,30,0,0,5,3,12,1,1,0,0.9584,0.64818,-26.599
142,12,0,0,1,1,5,1,1,0,0.9581,1.27002,-25.834
143,37,0,0,6,3,10,1,1,0,0.9578,0.46797,-22.481
144,16,0,0,4,2,5,1,1,0,0.9575,0.84847,-20.8
145,45,0,0,5,3,15,1,1,0,0.9573,0.47061,-43.689
146,33,2,2,7,2,9,1,1,0,0.957,0.42274,-29.004
147,68,2,2,13,5,24,1,1,0,0.9567,0.45187,-38.591
148,27,1,1,7,3,9,1,1,0,0.9564,0.68119,-18.179
149,9,0,0,3,1,4,1,1,0,0.9561,1.36516,-20.273
150,22,1,1,8,2,4,1,1,0,0.9558,0.68257,-19.398
151,37,2,2,5,3,10,1,1,0,0.9555,0.6336,-19.072
152,16,0,0,5,2,6,1,1,0,0.9552,0.90291,-25.988
153,9,0,0,2,1,3,1,1,0,0.9549,1.35668,-20.611
154,5,0,0,4,1,2,1,1,0,0.9546,2.46329,-21.533
155,25,0,0,3,2,6,1,1,0,0.9543,0.60111,-18.405
156,48,1,1,7,4,11,1,1,0,0.954,0.51805,-24.235
157,22,1,1,4,2,4,1,1,0,0.9537,0.68625,-15.303
158,5,0,0,3,1,3,1,1,0,0.9534,2.61995,-21.119
159,5,0,0,2,1,2,1,1,0,0.9531,2.33881,-17.426
160,6,0,0,2,1,4,1,1,0,0.9528,2.0366,-19.376
161,30,0,0,5,3,10,1,1,0,0.9525,0.61488,-24.306
162,13,0,0,2,2,4,1,1,0,0.9522,1.17461,-22.959
163,27,0,0,7,3,7,1,1,0,0.9519,0.66224,-17.801
164,7,0,0,3,1,1,1,1,0,0.9516,1.54634,-16.386
165,29,1,1,6,2,6,1,1,0,0.9513,0.63037,-20.779
166,8,0,0,3,1,3,1,1,0,0.951,1.48935,-22.388
167,6,0,0,1,1,3,1,1,0,0.9507,2.13377,-21.466
168,6,0,0,2,1,4,1,1,0,0.9504,2.37289,-26.21
169,17,0,0,5,2,6,1,1,0,0.9501,0.93742,-26.509
170,30,1,1,8,2,7,1,1,0,0.9498,0.58926,-25.043
171,66,3,3,11,4,18,1,1,0,0.9495,0.48095,-34.197
172,27,0,0,8,3,3,1,1,0,0.9492,0.51924,-15.989
173,18,0,0,4,2,5,1,1,0,0.9489,0.83218,-26.327
174,23,1,1,5,2,9,1,1,0,0.9486,0.73288,-21.827
175,19,0,0,3,2,7,1,1,0,0.9483,0.74232,-16.886
176,15,0,0,4,2,6,1,1,0,0.948,0.82368,-23.538
177,5,0,0,2,1,2,1,1,0,0.9477,2.35555,-18.643
178,9,0,0,3,1,5,1,1,0,0.9475,1.69485,-29.26
179,17,1,1,6,2,5,1,1,0,0.9472,0.90165,-16.524
180,19,1,1,6,2,7,1,1,0,0.9469,0.89437,-20.553
181,38,2,2,6,2,11,1,1,0,0.9466,0.46718,-22.208
182,71,1,1,8,5,22,1,1,0,0.9463,0.40578,-25.438
183,9,0,0,3,1,3,1,1,0,0.946,1.2172,-23.7
184,5,0,0,3,1,2,1,1,0,0.9457,2.30725,-19.604
185,20,1,1,6,2,6,1,1,0,0.9454,0.75562,-15.033
186,43,3,3,14,5,11,1,1,0,0.9451,0.48807,-20.63
187,14,0,0,4,2,4,1,1,0,0.9448,1.04365,-22.562
188,17,0,0,8,2,6,1,1,0,0.9445,0.73383,-27.648
189,33,1,1,12,4,10,1,1,0,0.9442,0.57362,-22.717
190,13,0,0,4,1,5,1,1,0,0.9439,1.15912,-32.329
191,33,0,0,8,3,9,1,1,0,0.9436,0.50996,-17.438
192,26,1,1,5,2,4,1,1,0,0.9433,0.57723,-19.723
193,19,0,0,5,2,7,1,1,0,0.943,0.76493,-21.466
194,11,0,0,3,1,6,1,1,0,0.9427,1.30888,-16.957
195,22,1,1,6,2,8,1,1,0,0.9424,0.80582,-19.279
196,16,0,0,5,2,6,1,1,0,0.9421,0.93472,-27.724
197,23,1,1,5,2,6,1,1,0,0.9418,0.90075,-20.282
198,7,0,0,2,1,1,1,1,0,0.9415,1.7367,-20.843
199,5,0,0,2,1,2,1,1,0,0.9412,2.53671,-23.27
200,6,0,0,3,1,4,1,1,0,0.9409,2.29905,-25.38
201,11,0,0,2,1,2,1,1,0,0.9406,1.18318,-19.867
202,6,0,0,2,1,1,1,1,0,0.9403,1.9666,-21.46
203,6,0,0,3,1,4,1,1,0,0.94,1.80876,-22.111
204,15,0,0,3,1,4,1,1,0,0.9397,0.82532,-21.026
205,37,1,1,5,3,12,1,1,0,0.9394,0.63564,-28.182
206,8,0,0,2,1,3,1,1,0,0.9391,1.38353,-11.431
207,27,2,2,5,2,7,1,1,0,0.9388,0.696,-26.43
208,21,0,0,6,2,6,1,1,0,0.9385,0.65839,-30.49
209,13,0,0,4,2,3,1,1,0,0.9383,1.05835,-22.898
210,25,1,1,8,2,8,1,1,0,0.938,0.66159,-26.68
211,16,0,0,4,1,6,1,1,0,0.9377,0.93022,-16.099
212,13,0,0,4,2,3,1,1,0,0.9374,1.02765,-17.96
213,35,1,1,6,3,8,1,1,0,0.9371,0.52576,-21.757
214,34,1,1,10,3,8,1,1,0,0.9368,0.51357,-17.72
215,16,0,0,4,2,5,1,1,0,0.9365,0.92795,-27.513
216,21,0,0,5,1,2,1,1,0,0.9362,0.64592,-29.722
217,17,0,0,3,2,6,1,1,0,0.9359,0.93189,-25.934
218,43,0,0,5,3,10,1,1,0,0.9356,0.55483,-33.589
219,29,0,0,4,3,8,1,1,0,0.9353,0.67333,-22.595
220,29,3,3,8,2,11,1,1,0,0.935,0.6893,-32.958
221,51,0,0,5,4,13,1,1,0,0.9347,0.48158,-37.195
222,25,2,2,4,2,8,1,1,0,0.9344,0.80624,-20.732
223,23,2,2,7,3,7,1,1,0,0.9341,0.68943,-13.12
224,20,1,1,7,2,5,1,1,0,0.9338,0.71617,-25.668
225,57,2,2,11,5,11,1,1,0,0.9335,0.52149,-18.173
226,89,2,2,11,6,17,1,1,0,0.9332,0.39223,-28.523
227,37,2,2,5,3,14,1,1,0,0.9329,0.657,-37.059
228,25,1,1,6,2,9,1,1,0,0.9326,0.68381,-28.535
229,7,0,0,1,1,1,1,1,0,0.9323,1.52245,-12.736
230,22,0,0,4,2,6,1,1,0,0.932,0.70828,-30.91
231,21,0,0,5,2,4,1,1,0,0.9317,0.75429,-16.921
232,16,0,0,2,2,6,1,1,0,0.9314,0.97313,-29.111
233,32,0,0,9,3,11,1,1,0,0.9311,0.55265,-31.735
234,28,0,0,5,3,8,1,1,0,0.9308,0.54164,-19.15
235,28,0,0,5,2,8,1,1,0,0.9305,0.63419,-25.805
236,21,1,1,5,3,1,1,1,0,0.9302,0.66186,-16.682
237,38,1,1,5,3,10,1,1,0,0.9299,0.46285,-39.151
238,19,0,0,4,2,7,1,1,0,0.9296,0.90064,-35.851
239,33,3,3,5,3,8,1,1,0,0.9293,0.57029,-26.265
240,5,0,0,2,1,1,1,1,0,0.929,2.13156,-22.389
241,34,2,2,8,2,7,1,1,0,0.9287,0.54351,-31.378
242,37,0,0,5,3,12,1,1,0,0.9285,0.51901,-30.235
243,5,0,0,3,1,3,1,1,0,0.9282,2.50059,-24.05
244,54,0,0,11,5,17,1,1,0,0.9279,0.44559,-49.401
245,18,0,0,4,2,5,1,1,0,0.9276,0.74306,-22.391
246,41,3,3,8,4,16,1,1,0,0.9273,0.52852,-33.436
247,19,1,1,4,2,5,1,1,0,0.927,0.8285,-21.544
248,34,3,3,6,2,8,1,1,0,0.9267,0.58058,-26.134
249,27,2,2,9,2,11,1,1,0,0.9264,0.5769,-33.588
250,11,0,0,2,1,4,1,1,0,0.9261,0.94235,-16.256
251,27,1,1,8,3,10,1,1,0,0.9258,0.72777,-31.481
252,6,0,0,0,1,2,1,1,0,0.9255,2.01007,-19.356
253,44,2,2,10,4,13,1,1,0,0.9252,0.56363,-27.169
254,36,1,1,6,3,12,1,1,0,0.9249,0.51638,-29.934
255,15,0,0,3,2,5,1,1,0,0.9246,0.96164,-26.68
256,35,0,0,6,3,9,1,1,0,0.9243,0.64216,-42.555
257,16,0,0,2,2,4,1,1,0,0.924,0.87141,-19.031
258,43,1,1,11,3,11,1,1,0,0.9237,0.46969,-47.427
259,74,3,3,8,4,19,1,1,0,0.9234,0.41661,-31.655
260,16,0,0,2,1,5,1,1,0,0.9231,0.97429,-33.785
261,66,3,3,12,7,13,1,1,0,0.9228,0.41961,-35.258
262,57,1,1,13,6,16,1,1,0,0.9225,0.46105,-32.106
263,29,0,0,5,3,10,1,1,0,0.9222,0.68931,-40.328
264,7,0,0,1,1,1,1,1,0,0.9219,1.7163,-18.677
265,15,1,1,3,2,2,1,1,0,0.9216,0.86224,-26.38
266,39,0,0,8,3,16,1,1,0,0.9213,0.56321,-40.276
267,37,2,2,3,3,12,1,1,0,0.921,0.47951,-28.498
268,27,0,0,4,2,9,1,1,0,0.9207,0.64128,-41.59
269,17,0,0,4,2,6,1,1,0,0.9204,0.82454,-28.435
270,21,1,1,5,2,5,1,1,0,0.9201,0.70504,-19.387
271,37,1,1,12,4,11,1,1,0,0.9198,0.5738,-12.273
272,5,0,0,4,1,3,1,1,0,0.9195,2.42892,-26.082
273,53,0,0,8,5,14,1,1,0,0.9193,0.43009,-43.706
274,48,0,0,7,2,9,1,1,0,0.919,0.41247,-29.009
275,15,0,0,4,1,4,1,1,0,0.9187,0.94532,-36.026
276,19,0,0,5,2,6,1,1,0,0.9184,0.75258,-19.807
277,47,0,0,7,5,14,1,1,0,0.9181,0.51028,-35.08
278,26,0,0,3,2,10,1,1,0,0.9178,0.80035,-36.451
279,41,3,3,7,4,14,1,1,0,0.9175,0.64203,-31.272
280,20,0,0,3,2,6,1,1,0,0.9172,0.87618,-38.683
281,35,1,1,11,4,5,1,1,0,0.9169,0.57772,-11.887
282,7,0,0,2,1,2,1,1,0,0.9166,1.68003,-24.865
283,36,0,0,8,4,13,1,1,0,0.9163,0.64635,-23.154
284,38,2,2,12,4,7,1,1,0,0.916,0.63991,-10.828
285,23,1,1,2,2,4,1,1,0,0.9157,0.81403,-30.131
286,65,3,3,10,6,10,1,1,0,0.9154,0.37668,-15.845
287,18,0,0,4,2,6,1,1,0,0.9151,0.87437,-30.62
288,5,0,0,2,1,1,1,1,0,0.9148,2.03402,-9.873
289,13,0,0,4,2,5,1,1,0,0.9145,1.19625,-27.843
290,25,0,0,9,3,8,1,1,0,0.9142,0.66816,-28.456
291,8,0,0,5,1,4,1,1,0,0.9139,1.61206,-13.052
292,21,0,0,5,2,7,1,1,0,0.9136,0.74764,-25.028
293,34,1,1,6,3,7,1,1,0,0.9133,0.54395,-28.017
294,56,3,3,10,4,14,1,1,0,0.913,0.50783,-29.577
295,13,0,0,5,2,7,1,1,0,0.9127,1.18611,-30.137
296,11,0,0,2,1,2,1,1,0,0.9124,1.25969,-24.017
297,22,2,2,7,2,4,1,1,0,0.9121,0.67991,-30.931
298,18,0,0,3,2,5,1,1,0,0.9118,1.00529,-27.618
299,26,0,0,4,2,8,1,1,0,0.9115,0.6449,-39.765
300,23,3,3,11,3,2,1,1,0,0.9112,0.76314,-4.645
301,13,0,0,2,1,3,1,1,0,0.9109,0.96512,-24.304
302,34,2,2,8,3,8,1,1,0,0.9106,0.58393,-13.179
303,10,0,0,1,1,5,1,1,0,0.9103,1.3827,-32.057
304,37,0,0,3,1,10,1,1,0,0.91,0.47168,-50.674
305,13,0,0,2,1,3,1,1,0,0.9098,1.02994,-30.201
306,71,6,6,16,7,14,1,1,0,0.9095,0.49221,-11.862
307,47,2,2,8,3,12,1,1,0,0.9092,0.4647,-34.152
308,31,2,2,4,3,9,1,1,0,0.9089,0.70644,-23.959
309,25,0,0,7,2,7,1,1,0,0.9086,0.66226,-32.689
310,23,1,1,10,3,4,1,1,0,0.9083,0.74677,-18.647
311,18,0,0,3,2,4,1,1,0,0.908,0.86749,-23.238
312,5,0,0,2,1,2,1,1,0,0.9077,2.33,-21.704
313,5,0,0,4,1,1,1,1,0,0.9074,2.2209,-25.894
314,59,1,1,10,5,11,1,1,0,0.9071,0.46866,-29.977
315,22,0,0,7,3,6,1,1,0,0.9068,0.73436,-33.295
316,34,1,1,6,4,14,1,1,0,0.9065,0.58391,-27.107
317,30,2,2,6,2,9,1,1,0,0.9062,0.61946,-32.998
318,16,0,0,4,2,6,1,1,0,0.9059,1.05783,-29.521
319,106,4,4,19,8,25,1,1,0,0.9056,0.39716,-14.778
320,26,1,1,9,3,8,1,1,0,0.9053,0.64011,-9.623
321,29,1,1,6,2,5,1,1,0,0.905,0.62888,-21.922
322,23,1,1,5,2,9,1,1,0,0.9047,0.65962,-30.279
323,20,0,0,2,2,6,1,1,0,0.9044,0.86885,-36.971
324,22,1,1,5,2,6,1,1,0,0.9041,0.62098,-31.122
325,54,2,2,7,5,16,1,1,0,0.9038,0.51666,-27.564
326,27,0,0,5,2,9,1,1,0,0.9035,0.6089,-46.094
327,30,1,1,3,2,10,1,1,0,0.9032,0.70655,-29.048
328,6,0,0,2,1,3,1,1,0,0.9029,1.89349,-24.512
329,29,0,0,5,3,8,1,1,0,0.9026,0.61271,-34.753
330,36,1,1,6,3,5,1,1,0,0.9023,0.52057,-14.156
331,9,0,0,4,1,3,1,1,0,0.902,1.33157,-29.453
332,17,0,0,3,2,2,1,1,0,0.9017,0.93329,-16.174
333,21,0,0,2,2,6,1,1,0,0.9014,0.81039,-28.888
334,21,2,2,7,3,5,1,1,0,0.9011,0.77233,-18.041
335,38,1,1,8,4,9,1,1,0,0.9008,0.59368,-28.484
336,14,0,0,2,2,5,1,1,0,0.9005,1.09243,-33.3
337,13,0,0,5,2,5,1,1,0,0.9002,0.97604,-20.909
338,27,0,0,7,3,9,1,1,0,0.9,0.72898,-27.386
339,29,1,1,7,3,13,1,1,0,0.8997,0.73688,-26.065
340,28,0,0,7,3,6,1,1,0,0.8994,0.63856,-29.853
341,5,0,0,3,1,3,1,1,0,0.8991,2.33139,-30.145
342,27,1,1,7,3,8,1,1,0,0.8988,0.73472,-35.965
343,60,2,2,8,5,9,1,1,0,0.8985,0.40883,-17.637
344,33,2,2,6,3,7,1,1,0,0.8982,0.59011,-27.103
345,15,0,0,4,2,5,1,1,0,0.8979,0.8737,-16.12
346,5,0,0,2,1,2,1,1,0,0.8976,2.46713,-26.407
347,26,0,0,5,3,5,1,1,0,0.8973,0.60159,-18.258
348,27,2,2,8,2,6,1,1,0,0.897,0.6862,-20.024
349,23,1,1,5,2,11,1,1,0,0.8967,0.77072,-32.064
350,23,1,1,6,3,8,1,1,0,0.8964,0.81837,-14.05
351,13,0,0,4,2,5,1,1,0,0.8961,1.09485,-28.838
352,9,0,0,1,1,1,1,1,0,0.8958,1.30107,-11.918
353,10,0,0,1,1,4,1,1,0,0.8955,1.09541,-17.588
354,26,0,0,6,3,7,1,1,0,0.8952,0.74617,-30.104
355,23,1,1,5,2,7,1,1,0,0.8949,0.63285,-27.754
356,16,0,0,5,2,6,1,1,0,0.8946,0.90666,-33.854
357,34,2,2,10,3,12,1,1,0,0.8943,0.59917,-34.582
358,15,0,0,5,2,4,1,1,0,0.894,0.90064,-33.717
359,12,0,0,3,1,2,1,1,0,0.8937,1.04892,-35.175
360,73,3,3,12,7,21,1,1,0,0.8934,0.47246,-50.03
361,32,2,2,5,3,8,1,1,0,0.8931,0.62804,-39.116
362,27,1,1,9,3,6,1,1,0,0.8928,0.629,-30.829
363,19,0,0,5,2,6,1,1,0,0.8925,0.81533,-22.408
364,31,2,2,7,3,8,1,1,0,0.8922,0.67159,-31.216
365,16,1,1,5,2,2,1,1,0,0.8919,0.74789,-18.08
366,46,2,2,7,4,14,1,1,0,0.8916,0.55073,-46.99
367,26,0,0,4,2,9,1,1,0,0.8913,0.58516,-42.996
368,21,0,0,4,2,5,1,1,0,0.891,0.67189,-35.547
369,35,2,2,8,3,12,1,1,0,0.8908,0.62838,-30.098
370,7,0,0,3,1,3,1,1,0,0.8905,1.97627,-32.637
371,8,0,0,2,1,4,1,1,0,0.8902,1.61024,-32.53
372,41,1,1,7,4,9,1,1,0,0.8899,0.46076,-23.378
373,71,4,4,15,6,11,1,1,0,0.8896,0.48254,-23.533
374,34,3,3,9,3,8,1,1,0,0.8893,0.65046,-33.441
375,19,2,2,6,2,7,1,1,0,0.889,0.82092,-31.443
376,8,0,0,4,1,3,1,1,0,0.8887,1.39534,-30.251
377,26,0,0,4,2,11,1,1,0,0.8884,0.62406,-49.489
378,42,0,0,7,2,17,1,1,0,0.8881,0.49905,-62.551
379,24,0,0,4,3,6,1,1,0,0.8878,0.67073,-33.378
380,16,0,0,3,2,7,1,1,0,0.8875,1.04483,-33.844
381,21,2,2,4,2,6,1,1,0,0.8872,0.78151,-31.536
382,68,3,3,8,5,16,1,1,0,0.8869,0.468,-46.387
383,57,1,1,8,5,16,1,1,0,0.8866,0.43878,-31.776
384,56,4,4,7,3,13,1,1,0,0.8863,0.53637,-27.077
385,8,0,0,1,1,2,1,1,0,0.886,1.40015,-24.553
386,33,1,1,7,3,7,1,1,0,0.8857,0.67044,-20.955
387,14,0,0,5,2,6,1,1,0,0.8854,1.05576,-37.181
388,17,0,0,4,2,10,1,1,0,0.8851,0.91978,-39.044
389,40,2,2,16,4,6,1,1,0,0.8848,0.50031,-12.077
390,26,0,0,4,3,9,1,1,0,0.8845,0.6788,-41.99
391,23,1,1,8,3,4,1,1,0,0.8842,0.87144,-29.769
392,20,1,1,6,2,7,1,1,0,0.8839,0.77717,-26.14
393,20,0,0,9,2,6,1,1,0,0.8836,0.76052,-36.839
394,26,1,1,6,2,3,1,1,0,0.8833,0.58116,-24.236
395,13,0,0,4,2,5,1,1,0,0.883,0.99288,-13.32
396,5,0,0,3,1,3,1,1,0,0.8827,2.20746,-26.825
397,11,0,0,3,1,4,1,1,0,0.8824,1.19069,-35.637
398,60,1,1,9,5,14,1,1,0,0.8821,0.48096,-46.304
399,44,2,2,7,4,13,1,1,0,0.8818,0.57665,-43.501
400,23,2,2,5,3,8,1,1,0,0.8815,0.78899,-24.578
401,45,1,1,7,4,7,1,1,0,0.8812,0.41925,-26.271
402,90,3,3,11,6,19,1,1,0,0.881,0.43064,-24.743
403,81,3,3,9,6,18,1,1,0,0.8807,0.41181,-44.306
404,18,1,1,6,2,2,1,1,0,0.8804,0.74969,-25.977
405,39,0,0,7,4,11,1,1,0,0.8801,0.49155,-44.512
406,13,0,0,5,2,1,1,1,0,0.8798,1.03851,-12.168
407,69,4,4,8,5,14,1,1,0,0.8795,0.51922,-37.126
408,30,2,2,7,3,8,1,1,0,0.8792,0.54987,-24.056
409,18,2,2,3,2,3,1,1,0,0.8789,0.74436,-15.412
410,48,1,1,8,5,13,1,1,0,0.8786,0.52768,-35.047
411,24,2,2,5,2,7,1,1,0,0.8783,0.72382,-34.922
412,31,0,0,6,3,9,1,1,0,0.878,0.68739,-34.444
413,89,2,2,6,4,11,1,1,0,0.8777,0.38193,-34.674
414,43,1,1,8,4,10,1,1,0,0.8774,0.56816,-31.819
415,28,1,1,4,2,10,1,1,0,0.8771,0.65632,-31.546
416,40,3,3,8,4,11,1,1,0,0.8768,0.57493,-23.61
417,22,0,0,3,3,5,1,1,0,0.8765,0.76682,-37.401
418,36,1,1,7,3,7,1,1,0,0.8762,0.58003,-34.201
419,69,1,1,8,4,13,1,1,0,0.8759,0.42155,-31.434
420,26,1,1,6,3,9,1,1,0,0.8756,0.74689,-22.672
421,29,2,2,5,3,4,1,1,0,0.8753,0.58049,-31.685
422,30,0,0,3,3,9,1,1,0,0.875,0.67769,-40.13
423,109,5,5,23,8,24,1,1,0,0.8747,0.39929,-18.909
424,40,0,0,7,3,12,1,1,0,0.8744,0.49725,-49.468
425,21,2,2,9,3,6,1,1,0,0.8741,0.95438,-12.582
426,22,1,1,4,2,4,1,1,0,0.8738,0.69783,-20.635
427,24,2,2,9,3,8,1,1,0,0.8735,0.81179,-39.855
428,35,0,0,6,4,7,1,1,0,0.8732,0.60237,-40.854
429,21,0,0,3,2,5,1,1,0,0.8729,0.735,-33.943
430,38,3,3,9,3,10,1,1,0,0.8726,0.49801,-24.852
431,8,0,0,2,1,2,1,1,0,0.8723,1.37901,-21.234
432,87,1,1,8,8,18,1,1,0,0.872,0.41138,-35.562
433,30,0,0,2,2,11,1,1,0,0.8718,0.64805,-32.454
434,8,0,0,3,1,3,1,1,0,0.8715,1.42507,-23.192
435,50,1,1,6,4,13,1,1,0,0.8712,0.47644,-32.676
436,27,2,2,7,3,8,1,1,0,0.8709,0.73502,-27.558
437,51,0,0,5,4,14,1,1,0,0.8706,0.46211,-58.764
438,30,1,1,5,2,7,1,1,0,0.8703,0.60505,-35.639
439,28,2,2,7,3,8,1,1,0,0.87,0.67763,-32.19
440,60,1,1,13,5,14,1,1,0,0.8697,0.54037,-30.061
441,97,7,7,18,8,22,1,1,0,0.8694,0.43175,-39.706
442,40,3,3,17,4,8,1,1,0,0.8691,0.62649,-15.413
443,13,0,0,4,2,1,1,1,0,0.8688,0.97885,-29.152
444,18,0,0,3,2,4,1,1,0,0.8685,0.80131,-41.162
445,17,0,0,4,2,5,1,1,0,0.8682,0.80471,-22.25
446,21,3,3,8,2,5,1,1,0,0.8679,0.91969,-23.248
447,47,4,4,12,4,13,1,1,0,0.8676,0.56479,-31.923
448,31,1,1,13,4,4,1,1,0,0.8673,0.65207,-4.256
449,35,1,1,8,4,12,1,1,0,0.867,0.59985,-23.55
450,48,2,2,9,4,14,1,1,0,0.8667,0.47964,-14.334
451,48,2,2,9,3,11,1,1,0,0.8664,0.46791,-42.882
452,32,1,1,3,3,4,1,1,0,0.8661,0.76467,-32.638
453,30,0,0,6,4,13,1,1,0,0.8658,0.70422,-39.59
454,23,1,1,4,2,6,1,1,0,0.8655,0.70969,-38.155
455,46,2,2,7,4,9,1,1,0,0.8652,0.55825,-34.968
456,52,2,2,10,4,14,1,1,0,0.8649,0.54263,-33.731
457,23,1,1,3,2,8,1,1,0,0.8646,0.72941,-41.602
458,46,3,3,14,4,5,1,1,0,0.8643,0.53286,-10.96
459,44,0,0,11,4,9,1,1,0,0.864,0.46207,-27.333
460,51,1,1,6,4,9,1,1,0,0.8637,0.46558,-49.477
461,13,0,0,5,2,6,1,1,0,0.8634,1.20096,-30.878
462,38,0,0,7,3,6,1,1,0,0.8631,0.52159,-42.477
463,8,0,0,2,1,2,1,1,0,0.8628,1.44634,-35.082
464,33,1,1,9,4,8,1,1,0,0.8625,0.66175,-24.731
465,39,2,2,8,3,7,1,1,0,0.8622,0.54741,-29.853
466,33,0,0,9,3,9,1,1,0,0.862,0.60865,-35.414
467,36,1,1,8,4,9,1,1,0,0.8617,0.68568,-34.226
468,73,3,3,17,6,18,1,1,0,0.8614,0.35652,-38.857
469,21,0,0,4,2,6,1,1,0,0.8611,0.777,-44.081
470,31,1,1,7,3,3,1,1,0,0.8608,0.60465,-16.949
471,59,1,1,11,4,11,1,1,0,0.8605,0.46156,-52.032
472,68,4,4,12,6,18,1,1,0,0.8602,0.4725,-36.938
473,89,3,3,8,8,16,1,1,0,0.8599,0.40753,-40.588
474,22,0,0,4,2,5,1,1,0,0.8596,0.70503,-40.882
475,44,1,1,10,4,9,1,1,0,0.8593,0.49678,-20.743
476,47,2,2,7,3,11,1,1,0,0.859,0.4734,-46.233
477,8,0,0,5,1,3,1,1,0,0.8587,1.41014,-13.754
478,36,1,1,8,3,11,1,1,0,0.8584,0.5808,-33.365
479,28,1,1,5,3,4,1,1,0,0.8581,0.61826,-31.912
480,49,0,0,3,2,14,1,1,0,0.8578,0.43733,-71.738
481,31,0,0,10,3,9,1,1,0,0.8575,0.67505,-40.512
482,71,2,2,13,4,16,1,1,0,0.8572,0.37333,-39.575
483,26,0,0,8,3,10,1,1,0,0.8569,0.67353,-42.508
484,25,1,1,7,2,6,1,1,0,0.8566,0.6267,-33.245
485,44,2,2,14,5,11,1,1,0,0.8563,0.50093,-30.821
486,57,0,0,14,5,10,1,1,0,0.856,0.50061,-37.345
487,14,0,0,3,2,4,1,1,0,0.8557,1.02813,-30.243
488,33,1,1,7,3,8,1,1,0,0.8554,0.64007,-31.348
489,90,1,1,9,7,20,1,1,0,0.8551,0.41024,-55.946
490,35,1,1,6,3,8,1,1,0,0.8548,0.55294,-49.605
491,36,1,1,7,3,14,1,1,0,0.8545,0.63221,-27.059
492,18,0,0,4,2,5,1,1,0,0.8542,0.83681,-37.822
493,64,3,3,14,6,14,1,1,0,0.8539,0.51121,-5.398
494,47,2,2,9,4,12,1,1,0,0.8536,0.52732,-47.483
495,36,1,1,7,4,5,1,1,0,0.8533,0.56095,-25.002
496,147,4,4,21,9,24,1,1,0,0.853,0.35015,-16.159
497,33,2,2,10,4,13,1,1,0,0.8528,0.68644,-36.034
498,21,2,2,4,2,8,1,1,0,0.8525,0.79364,-18.142
499,23,1,1,7,3,5,1,1,0,0.8522,0.76167,-23.563
500,9,0,0,4,1,3,1,1,0,0.8519,1.48296,-39.515
501,5,0,0,2,1,3,1,1,0,0.8516,2.12282,-28.076
502,26,0,0,9,2,7,1,1,0,0.8513,0.62085,-45.615
503,101,7,7,17,7,22,1,1,0,0.851,0.47287,-27.499
504,34,0,0,6,4,7,1,1,0,0.8507,0.56812,-20.57
505,23,3,3,9,3,8,1,1,0,0.8504,0.79756,-27.72
506,54,3,3,17,5,8,1,1,0,0.8501,0.51322,-8.722
507,40,3,3,9,4,2,1,1,0,0.8498,0.6174,-27.149
508,6,0,0,2,1,2,1,1,0,0.8495,1.68423,-25.928
509,47,1,1,8,4,12,1,1,0,0.8492,0.48747,-51.003
510,22,2,2,6,3,2,1,1,0,0.8489,0.73244,-31.897
511,68,2,2,8,5,14,1,1,0,0.8486,0.45968,-23.354
512,56,3,3,8,5,12,1,1,0,0.8483,0.49412,-41.971
513,99,6,6,20,7,22,1,1,0,0.848,0.40919,-44.981
514,15,0,0,3,2,5,1,1,0,0.8477,1.08953,-33.192
515,20,1,1,8,3,4,1,1,0,0.8474,0.79436,-10.912
516,32,1,1,10,4,10,1,1,0,0.8471,0.7293,-28.767
517,37,1,1,10,4,11,1,1,0,0.8468,0.55064,-33.921
518,30,0,0,11,3,9,1,1,0,0.8465,0.68223,-26.218
519,29,0,0,7,3,7,1,1,0,0.8462,0.58004,-34.664
520,24,1,1,6,3,6,1,1,0,0.8459,0.76866,-26.626
521,33,0,0,12,4,5,1,1,0,0.8456,0.55849,-21.55
522,51,5,5,17,5,11,1,1,0,0.8453,0.68721,-12.936
523,49,2,2,10,4,10,1,1,0,0.845,0.56241,-17.86
524,59,3,3,8,4,12,1,1,0,0.8447,0.40238,-48.336
525,39,1,1,8,3,11,1,1,0,0.8444,0.53992,-35.748
526,19,1,1,8,2,6,1,1,0,0.8441,0.83408,-35.146
527,19,1,1,5,2,6,1,1,0,0.8438,0.73144,-35.522
528,21,1,1,5,2,4,1,1,0,0.8435,0.76322,-10.242
529,28,1,1,4,3,5,1,1,0,0.8433,0.71114,-32.351
530,20,0,0,3,2,4,1,1,0,0.843,0.76782,-15.665
531,175,7,7,21,11,32,1,1,0,0.8427,0.36467,-14.358
532,52,2,2,8,4,10,1,1,0,0.8424,0.54911,-21.473
533,64,4,4,18,7,11,1,1,0,0.8421,0.58869,2.095
534,63,3,3,11,5,11,1,1,0,0.8418,0.47911,-11.939
535,67,2,2,8,5,10,1,1,0,0.8415,0.45633,-29.74
536,33,1,1,6,3,10,1,1,0,0.8412,0.59193,-26.874
537,168,9,9,28,15,25,1,1,0,0.8409,0.4074,-31.317
538,32,2,2,12,3,4,1,1,0,0.8406,0.4945,-12.506
539,42,2,2,7,4,7,1,1,0,0.8403,0.59469,-33.683
540,23,1,1,4,2,5,1,1,0,0.84,0.7979,-17.81
541,109,5,5,18,7,18,1,1,0,0.8397,0.37121,-34.304
542,26,0,0,8,3,6,1,1,0,0.8394,0.64576,-35.016
543,51,1,1,10,3,11,1,1,0,0.8391,0.41575,-44.348
544,34,1,1,6,3,8,1,1,0,0.8388,0.5578,-44.125
545,23,2,2,6,3,3,1,1,0,0.8385,0.79724,-19.929
546,13,0,0,5,2,4,1,1,0,0.8382,1.18226,-20.892
547,30,3,3,9,4,6,1,1,0,0.8379,0.63894,-21.582
548,18,0,0,3,2,7,1,1,0,0.8376,0.82754,-39.51
549,26,1,1,8,3,5,1,1,0,0.8373,0.77505,-33.195
550,19,0,0,6,2,3,1,1,0,0.837,0.69179,-33.708
551,27,0,0,6,3,4,1,1,0,0.8367,0.71295,-33.777
552,44,2,2,7,4,9,1,1,0,0.8364,0.55487,-25.565
553,39,3,3,7,5,7,1,1,0,0.8361,0.64368,-20.265
554,17,1,1,4,2,4,1,1,0,0.8358,0.95531,-13.277
555,162,4,4,18,15,35,1,1,0,0.8355,0.38753,-65.425
556,66,1,1,14,7,9,1,1,0,0.8352,0.59386,-17.284
557,71,6,6,14,7,9,1,1,0,0.8349,0.49224,-31.011
558,70,2,2,7,6,16,1,1,0,0.8346,0.49293,-48.982
559,16,0,0,5,2,2,1,1,0,0.8343,0.82938,-31.282
560,24,2,2,6,3,3,1,1,0,0.834,0.77701,-29.24
561,36,0,0,5,4,12,1,1,0,0.8337,0.55135,-31.175
562,77,4,4,17,7,12,1,1,0,0.8335,0.51493,-45.121
563,5,0,0,2,1,1,1,1,0,0.8332,2.09217,-28.638
564,40,1,1,7,3,4,1,1,0,0.8329,0.52592,-17.598
565,91,2,2,10,8,16,1,1,0,0.8326,0.43502,-11.394
566,81,4,4,13,8,8,1,1,0,0.8323,0.42827,-21.309
567,8,0,0,3,1,5,1,1,0,0.832,1.61829,-17.727
568,10,0,0,1,1,2,1,1,0,0.8317,1.03867,-16.594
569,101,2,2,11,9,20,1,1,0,0.8314,0.47334,-49.31
570,30,0,0,5,3,4,1,1,0,0.8311,0.6344,-33.987
571,28,2,2,10,3,8,1,1,0,0.8308,0.79956,-34.703
572,31,3,3,11,4,1,1,1,0,0.8305,0.61353,0.585
573,32,2,2,6,4,8,1,1,0,0.8302,0.66502,-20.9
574,60,5,5,20,7,8,1,1,0,0.8299,0.47498,5.267
575,23,0,0,3,2,3,1,1,0,0.8296,0.79286,-31.38
576,40,2,2,9,3,10,1,1,0,0.8293,0.53698,-49.494
577,18,0,0,5,2,5,1,1,0,0.829,0.89005,-34.118
578,21,2,2,7,3,1,1,1,0,0.8287,0.78184,-24.391
579,55,3,3,16,5,7,1,1,0,0.8284,0.58415,-33.033
580,30,3,3,8,4,6,1,1,0,0.8281,0.7087,-21.1
581,46,1,1,7,4,7,1,1,0,0.8278,0.51951,-32.813
582,38,0,0,1,3,6,1,1,0,0.8275,0.57879,-48.484
583,30,0,0,9,3,8,1,1,0,0.8272,0.58788,-34.895
584,83,3,3,15,9,16,1,1,0,0.8269,0.38792,-18.184
585,72,6,6,16,5,7,1,1,0,0.8266,0.54281,-18.583
586,38,1,1,8,4,8,1,1,0,0.8263,0.62438,-38.699
587,58,4,4,12,5,7,1,1,0,0.826,0.43118,-9.294
588,87,3,3,17,8,13,1,1,0,0.8257,0.44733,-7.662
589,23,1,1,12,3,6,1,1,0,0.8254,0.92845,-29.175
590,78,2,2,13,7,11,1,1,0,0.8251,0.44344,-44.285
591,85,6,6,15,8,12,1,1,0,0.8248,0.50951,4.938
592,32,2,2,8,4,8,1,1,0,0.8245,0.64945,-30.459
593,24,1,1,13,3,6,1,1,0,0.8243,0.76239,-23.982
594,26,2,2,6,3,6,1,1,0,0.824,0.8433,-28.239
595,42,2,2,14,4,5,1,1,0,0.8237,0.57539,3.177
596,7,0,0,3,1,1,1,1,0,0.8234,1.76623,-38.072
597,70,9,9,21,7,12,1,1,0,0.8231,0.54243,8.053
598,87,6,6,14,8,13,1,1,0,0.8228,0.51213,-11.224
599,34,1,1,5,3,11,1,1,0,0.8225,0.65042,-24.732
600,27,2,2,4,2,5,1,1,0,0.8222,0.67073,-37.497
601,70,2,2,11,7,11,1,1,0,0.8219,0.39909,-32.01
602,67,2,2,12,6,8,1,1,0,0.8216,0.44372,-29.562
603,29,1,1,5,2,6,1,1,0,0.8213,0.63485,-39.136
604,47,1,1,5,4,6,1,1,0,0.821,0.50113,-40.192
605,102,5,5,14,9,19,1,1,0,0.8207,0.38102,-14.437
606,155,8,8,19,11,25,1,1,0,0.8204,0.34156,-2.103
607,84,3,3,17,7,19,1,1,0,0.8201,0.46481,-23.85
608,82,5,5,13,7,12,1,1,0,0.8198,0.42482,-17.65
609,26,2,2,10,3,11,1,1,0,0.8195,0.73729,-43.457
610,26,1,1,5,3,7,1,1,0,0.8192,0.76098,-26.854
611,95,1,1,14,11,10,1,1,0,0.8189,0.37713,-41.712
612,22,2,2,8,3,3,1,1,0,0.8186,0.76291,-25.8
613,176,5,5,26,15,21,1,1,0,0.8183,0.32781,-17.084
614,42,1,1,5,4,8,1,1,0,0.818,0.55496,-39.853
615,22,1,1,4,2,4,1,1,0,0.8177,0.60526,-16.398
616,105,4,4,11,8,19,1,1,0,0.8174,0.44357,-39.743
617,91,3,3,13,8,17,1,1,0,0.8171,0.47132,-30.235
618,16,0,0,3,2,4,1,1,0,0.8168,1.06237,-35.078
619,25,1,1,6,3,5,1,1,0,0.8165,0.68581,-30.813
620,88,3,3,13,8,12,1,1,0,0.8162,0.38727,-18.812
621,49,2,2,11,6,13,1,1,0,0.8159,0.55415,-13.859
622,81,3,3,16,8,18,1,1,0,0.8156,0.42585,-27.887
623,32,2,2,7,3,9,1,1,0,0.8153,0.65374,-26.509
624,54,3,3,12,6,7,1,1,0,0.815,0.57935,-0.618
625,22,2,2,7,3,8,1,1,0,0.8147,0.8316,-39.87
626,20,1,1,5,3,7,1,1,0,0.8145,1.06526,-27.486
627,41,2,2,10,5,14,1,1,0,0.8142,0.71236,-2.373
628,63,1,1,10,7,10,1,1,0,0.8139,0.60262,-40.977
629,57,2,2,15,6,12,1,1,0,0.8136,0.4945,-17.123
630,10,0,0,3,1,1,1,1,0,0.8133,1.13673,-17.014
631,79,0,0,6,8,15,1,1,0,0.813,0.43047,-70.745
632,127,1,1,11,11,21,1,1,0,0.8127,0.39294,-29.197
633,23,0,0,6,3,5,1,1,0,0.8124,0.82491,-38.486
634,44,0,0,9,5,10,1,1,0,0.8121,0.62206,-31.738
635,146,6,6,18,13,19,1,1,0,0.8118,0.40369,16.588
636,184,11,11,36,15,32,1,1,0,0.8115,0.39316,0.391
637,73,5,5,17,6,18,1,1,0,0.8112,0.55032,-8.036
638,44,3,3,7,4,8,1,1,0,0.8109,0.60723,-22.864
639,76,7,7,16,6,9,1,1,0,0.8106,0.46178,-15.369
640,80,2,2,20,8,15,1,1,0,0.8103,0.41527,-28.075
641,129,9,9,26,11,22,1,1,0,0.81,0.38166,-0.015
642,43,1,1,12,3,7,1,1,0,0.8097,0.43902,-10.784
643,101,6,6,27,8,16,1,1,0,0.8094,0.46886,0.846
644,93,7,7,16,9,16,1,1,0,0.8091,0.43744,-7.297
645,99,4,4,16,10,13,1,1,0,0.8088,0.4226,-22.767
646,34,2,2,8,4,6,1,1,0,0.8085,0.5559,-5.238
647,34,0,0,8,4,9,1,1,0,0.8082,0.61382,-35.175
648,40,1,1,8,4,9,1,1,0,0.8079,0.55628,-13.588
649,170,5,5,21,11,27,1,1,0,0.8076,0.35409,-4.329
650,41,1,1,11,4,13,1,1,0,0.8073,0.63882,-19.055
651,33,0,0,6,4,5,1,1,0,0.807,0.54536,-8.374
652,94,3,3,16,8,19,1,1,0,0.8067,0.40681,-24.655
653,56,3,3,21,7,12,1,1,0,0.8064,0.56213,3.325
654,64,4,4,13,5,9,1,1,0,0.8061,0.45803,-21.209
655,51,4,4,14,5,9,1,1,0,0.8058,0.57072,7.493
656,145,6,6,18,10,25,1,1,0,0.8055,0.37333,-18.6
657,26,1,1,5,3,4,1,1,0,0.8053,0.65605,-32.738
658,40,4,4,13,4,4,1,1,0,0.805,0.50515,-1.115
659,94,4,4,12,6,8,1,1,0,0.8047,0.37412,3.392
660,22,0,0,5,3,5,1,1,0,0.8044,0.78174,-26.478
661,224,9,9,28,17,27,1,1,0,0.8041,0.35345,2.94
662,42,2,2,6,4,9,1,1,0,0.8038,0.52533,-15.58
663,26,1,1,3,2,5,1,1,0,0.8035,0.64495,-41.584
664,51,3,3,11,5,4,1,1,0,0.8032,0.532,-7.366
665,57,1,1,11,5,10,1,1,0,0.8029,0.4322,-33.825
666,48,3,3,14,4,9,1,1,0,0.8026,0.51708,-19.374
667,43,2,2,13,4,7,1,1,0,0.8023,0.53328,-12.637
668,37,2,2,10,3,7,1,1,0,0.802,0.56445,-31.101
669,17,0,0,4,2,6,1,1,0,0.8017,0.93186,-32.174
670,149,8,8,20,12,24,1,1,0,0.8014,0.35886,-0.068
671,171,6,6,22,14,18,1,1,0,0.8011,0.3833,22.446
672,34,1,1,9,3,5,1,1,0,0.8008,0.57309,-27.453
673,19,0,0,6,2,4,1,1,0,0.8005,0.69609,-12.912
674,80,9,9,19,7,9,1,1,0,0.8002,0.4997,22.264
675,17,1,1,5,2,4,1,1,0,0.7999,0.90157,-13.258
676,39,2,2,9,4,9,1,1,0,0.7996,0.53097,-24.19
677,103,4,4,13,10,12,1,1,0,0.7993,0.36949,-5.922
678,28,2,2,11,3,9,1,1,0,0.799,0.74004,-33.786
679,52,4,4,12,5,5,1,1,0,0.7987,0.51749,-18.826
680,25,1,1,6,3,6,1,1,0,0.7984,0.80605,-32.614
681,100,6,6,21,12,20,1,1,0,0.7981,0.49138,-17.364
682,162,3,3,15,15,28,1,1,0,0.7978,0.34087,-8.9
683,23,1,1,7,3,7,1,1,0,0.7975,0.76511,-30.938
684,100,5,5,21,9,17,1,1,0,0.7972,0.4784,-11.317
685,21,0,0,7,3,5,1,1,0,0.7969,0.98764,-19.578
686,131,5,5,19,11,21,1,1,0,0.7966,0.38316,27.49
687,208,7,7,24,13,28,1,1,0,0.7963,0.30652,17.086
688,52,0,0,9,6,9,1,1,0,0.796,0.53526,-38.998
689,18,0,0,4,2,5,1,1,0,0.7957,0.82778,-37.777
690,57,3,3,14,6,9,1,1,0,0.7955,0.47379,-27.557
691,22,0,0,9,3,7,1,1,0,0.7952,0.74021,-37.134
692,32,1,1,5,3,5,1,1,0,0.7949,0.73512,-26.482
693,43,3,3,9,4,12,1,1,0,0.7946,0.56512,-28.195
694,201,13,13,26,18,31,1,1,0,0.7943,0.37795,-1.125
695,22,2,2,7,3,5,1,1,0,0.794,0.81806,-14.349
696,144,9,9,30,14,20,1,1,0,0.7937,0.38255,-16.617
697,18,0,0,4,2,4,1,1,0,0.7934,0.9124,-30.162
698,68,4,4,21,9,9,1,1,0,0.7931,0.60859,14.407
699,121,3,3,18,11,12,1,1,0,0.7928,0.37374,3.006
700,59,3,3,18,6,10,1,1,0,0.7925,0.45355,8.258
701,47,3,3,10,4,7,1,1,0,0.7922,0.55265,-23.459
702,132,6,6,21,12,20,1,1,0,0.7919,0.38069,-5.229
703,400,18,18,46,27,29,0,0,1,0.7916,0.34586,163.575
704,97,5,5,15,9,8,1,1,0,0.7913,0.37896,15.63
705,32,1,1,9,4,11,1,1,0,0.791,0.9204,-38.284
706,50,1,1,11,6,7,1,1,0,0.7907,0.47362,-34.969
707,145,6,6,26,14,20,1,1,0,0.7904,0.39606,13.306
708,96,5,5,17,8,10,1,1,0,0.7901,0.43512,9.784
709,167,9,9,27,15,23,1,1,0,0.7898,0.37448,17.46
710,27,3,3,7,3,6,1,1,0,0.7895,0.86912,-18.176
711,87,6,6,14,8,11,1,1,0,0.7892,0.4581,7.565
712,53,3,3,8,5,10,1,1,0,0.7889,0.49476,-19.956
713,35,1,1,4,3,10,1,1,0,0.7886,0.66464,-42.932
714,89,4,4,14,8,18,1,1,0,0.7883,0.53252,-7.157
715,45,0,0,14,5,11,1,1,0,0.788,0.46905,-12.429
716,23,1,1,7,3,5,1,1,0,0.7877,0.72861,-31.023
717,37,1,1,6,3,6,1,1,0,0.7874,0.57883,-36.621
718,30,3,3,7,3,6,1,1,0,0.7871,0.60192,-7.362
719,34,3,3,9,3,1,1,1,0,0.7868,0.56477,1.557
720,52,2,2,8,4,13,1,1,0,0.7865,0.52283,-18.442
721,112,3,3,19,10,13,1,1,0,0.7863,0.32446,-17.402
722,165,6,6,17,15,21,1,1,0,0.786,0.39141,-4.281
723,149,6,6,18,11,22,1,1,0,0.7857,0.37922,-28.32
724,116,8,8,16,12,21,1,1,0,0.7854,0.47595,-17.577
725,49,2,2,8,5,7,1,1,0,0.7851,0.46834,-25.864
726,66,2,2,17,7,13,1,1,0,0.7848,0.46591,-17.457
727,35,1,1,9,4,4,1,1,0,0.7845,0.53318,-11.358
728,36,2,2,9,4,4,1,1,0,0.7842,0.58713,-17.314
729,271,15,15,40,19,33,1,1,0,0.7839,0.34501,29.779
730,38,1,1,6,4,7,1,1,0,0.7836,0.58704,-35.158
731,21,1,1,5,3,4,1,1,0,0.7833,0.75722,-18.0
732,45,3,3,11,5,10,1,1,0,0.783,0.6346,-10.645
733,70,3,3,18,8,9,1,1,0,0.7827,0.36128,-1.123
734,73,3,3,21,7,14,1,1,0,0.7824,0.44582,9.816
735,172,7,7,34,14,22,1,1,0,0.7821,0.39172,27.617
736,28,1,1,8,4,6,1,1,0,0.7818,0.74866,-19.683
737,15,0,0,4,2,2,1,1,0,0.7815,0.93148,-17.295
738,108,5,5,24,13,13,1,1,0,0.7812,0.48716,23.062
739,56,4,4,11,5,12,1,1,0,0.7809,0.55391,-33.329
740,281,15,15,58,28,44,1,1,0,0.7806,0.38469,62.465
741,23,1,1,6,3,1,1,1,0,0.7803,0.75328,-27.99
742,107,6,6,19,9,13,1,1,0,0.78,0.39224,-15.51
743,57,3,3,6,5,9,1,1,0,0.7797,0.51812,-18.961
744,31,2,2,10,4,1,1,1,0,0.7794,0.54535,4.757
745,150,9,9,26,12,26,1,1,0,0.7791,0.41123,14.673
746,84,6,6,19,8,13,1,1,0,0.7788,0.48619,2.528
747,80,3,3,15,8,14,1,1,0,0.7785,0.43641,1.342
748,149,5,5,33,15,22,1,1,0,0.7782,0.38932,24.655
749,65,3,3,12,5,10,1,1,0,0.7779,0.38418,0.803
750,145,6,6,31,13,18,1,1,0,0.7776,0.42493,40.816
751,23,1,1,7,3,4,1,1,0,0.7773,0.87527,-21.687
752,23,2,2,9,3,7,1,1,0,0.777,0.82882,-29.058
753,31,2,2,9,4,8,1,1,0,0.7768,0.67334,-30.826
754,372,18,18,46,26,52,1,1,0,0.7765,0.35832,100.881
755,87,4,4,10,7,11,1,1,0,0.7762,0.40147,1.41
756,146,7,7,25,11,19,1,1,0,0.7759,0.38136,23.41
757,289,13,13,42,21,33,1,1,0,0.7756,0.34636,47.099
758,95,7,7,24,8,9,1,1,0,0.7753,0.43377,37.118
759,75,5,5,18,7,11,1,1,0,0.775,0.48793,6.763
760,38,0,0,8,4,6,1,1,0,0.7747,0.59515,-40.633
761,49,2,2,11,4,11,1,1,0,0.7744,0.47677,-32.931
762,216,10,10,34,16,27,1,1,0,0.7741,0.36205,28.767
763,178,7,7,29,15,29,1,1,0,0.7738,0.39781,22.74
764,95,7,7,19,8,12,1,1,0,0.7735,0.34813,19.234
765,47,0,0,9,5,6,1,1,0,0.7732,0.47494,-17.355
766,144,6,6,34,10,16,1,1,0,0.7729,0.3534,34.045
767,111,6,6,26,8,14,1,1,0,0.7726,0.43372,23.693
768,288,18,18,46,19,33,1,1,0,0.7723,0.34777,104.12
769,93,4,4,25,7,12,1,1,0,0.772,0.42443,11.949
770,52,1,1,7,5,6,1,1,0,0.7717,0.4384,-24.925
771,270,13,13,27,21,40,1,1,0,0.7714,0.35719,44.419
772,80,6,6,17,8,10,1,1,0,0.7711,0.4345,22.733
773,45,1,1,8,5,11,1,1,0,0.7708,0.54575,-36.494
774,85,9,9,23,7,9,1,1,0,0.7705,0.47418,43.169
775,96,6,6,24,11,12,1,1,0,0.7702,0.50545,30.591
776,68,5,5,18,6,14,1,1,0,0.7699,0.52024,-6.836
777,131,8,8,23,11,19,1,1,0,0.7696,0.43896,14.387
778,151,8,8,20,8,21,1,1,0,0.7693,0.38304,32.362
779,400,27,27,70,29,48,0,0,1,0.769,0.37703,198.328
780,37,2,2,6,3,5,1,1,0,0.7687,0.5308,-28.678
781,42,0,0,11,5,2,1,1,0,0.7684,0.51554,-6.403
782,53,5,5,18,5,4,1,1,0,0.7681,0.50245,27.659
783,257,8,8,22,18,36,1,1,0,0.7678,0.3054,67.773
784,25,1,1,11,3,7,1,1,0,0.7675,0.72514,-27.929
785,79,5,5,17,7,11,1,1,0,0.7672,0.40322,16.091
786,82,3,3,11,9,10,1,1,0,0.767,0.42194,-14.329
787,18,1,1,7,2,5,1,1,0,0.7667,0.81535,-21.368
788,25,1,1,4,3,3,1,1,0,0.7664,0.70459,-19.166
789,276,17,17,50,21,28,1,1,0,0.7661,0.39626,128.701
790,47,3,3,12,6,6,1,1,0,0.7658,0.57445,-9.212
791,179,10,10,36,16,18,1,1,0,0.7655,0.41285,64.342
792,40,2,2,7,4,5,1,1,0,0.7652,0.47753,-21.755
793,23,1,1,6,3,4,1,1,0,0.7649,0.86728,-23.796
794,19,2,2,7,2,2,1,1,0,0.7646,0.81405,-22.659
795,399,22,22,51,29,48,1,1,0,0.7643,0.3816,137.718
796,17,1,1,5,2,3,1,1,0,0.764,0.87201,-5.385
797,350,16,16,46,23,42,1,1,0,0.7637,0.33177,89.858
798,127,5,5,19,9,14,1,1,0,0.7634,0.37311,11.067
799,320,14,14,44,27,42,1,1,0,0.7631,0.34483,85.181
800,36,2,2,9,4,3,1,1,0,0.7628,0.62384,0.501
801,70,2,2,12,6,10,1,1,0,0.7625,0.42714,-4.864
802,95,4,4,13,8,12,1,1,0,0.7622,0.45066,0.392
803,287,13,13,55,22,26,1,1,0,0.7619,0.33897,114.051
804,361,17,17,49,26,45,1,1,0,0.7616,0.34721,123.647
805,238,18,18,44,14,31,1,1,0,0.7613,0.32792,92.523
806,300,14,14,38,26,31,1,1,0,0.761,0.36768,123.196
807,83,3,3,10,7,17,1,1,0,0.7607,0.38056,-16.852
808,400,21,21,48,28,43,0,0,1,0.7604,0.32386,167.469
809,21,0,0,6,3,2,1,1,0,0.7601,0.75544,-17.228
810,400,18,18,51,33,48,0,0,1,0.7598,0.31121,168.159
811,112,1,1,11,11,17,1,1,0,0.7595,0.44514,11.514
812,25,2,2,8,3,6,1,1,0,0.7592,0.87337,-12.218
813,138,6,6,21,13,25,1,1,0,0.7589,0.41419,30.597
814,41,1,1,6,4,5,1,1,0,0.7586,0.54165,-20.354
815,64,3,3,8,7,4,1,1,0,0.7583,0.44755,-6.575
816,23,0,0,4,3,5,1,1,0,0.758,0.77319,-30.295
817,69,3,3,16,6,8,1,1,0,0.7578,0.44118,12.248
818,242,11,11,36,20,31,1,1,0,0.7575,0.32616,79.915
819,309,22,22,55,27,41,1,1,0,0.7572,0.34788,119.637
820,126,2,2,12,12,19,1,1,0,0.7569,0.3428,-8.253
821,58,3,3,8,5,9,1,1,0,0.7566,0.4578,-25.671
822,150,10,10,37,13,15,1,1,0,0.7563,0.38592,60.229
823,367,12,12,38,30,44,1,1,0,0.756,0.30223,112.509
824,138,9,9,20,11,12,1,1,0,0.7557,0.41004,28.958
825,44,1,1,9,4,8,1,1,0,0.7554,0.53815,-18.681
826,14,0,0,5,2,4,1,1,0,0.7551,1.07035,-39.973
827,133,4,4,25,11,20,1,1,0,0.7548,0.37288,16.778
828,159,15,15,41,15,25,1,1,0,0.7545,0.43945,37.9
829,122,8,8,28,13,17,1,1,0,0.7542,0.44716,32.563
830,38,2,2,10,4,11,1,1,0,0.7539,0.56289,-6.757
831,173,11,11,34,16,20,1,1,0,0.7536,0.40873,49.572
832,21,2,2,7,3,2,1,1,0,0.7533,0.7759,-11.746
833,344,11,11,29,30,41,1,1,0,0.753,0.34512,85.15
834,158,13,13,31,13,27,1,1,0,0.7527,0.45289,21.141
835,353,27,27,59,23,33,1,1,0,0.7524,0.34428,154.442
836,45,2,2,18,6,8,1,1,0,0.7521,0.5985,1.715
837,86,3,3,14,7,13,1,1,0,0.7518,0.42118,-17.781
838,218,11,11,28,19,27,1,1,0,0.7515,0.39879,89.016
839,112,6,6,17,9,11,1,1,0,0.7512,0.35975,20.469
840,57,3,3,17,6,8,1,1,0,0.7509,0.47374,-3.713
841,33,0,0,13,4,3,1,1,0,0.7506,0.57624,-6.6
842,55,2,2,17,5,7,1,1,0,0.7503,0.59884,-11.728
843,190,9,9,32,15,28,1,1,0,0.75,0.36258,61.118
844,400,15,15,41,29,58,0,0,1,0.7497,0.31852,165.707
845,150,8,8,26,13,18,1,1,0,0.7494,0.43836,46.313
846,54,1,1,8,5,8,1,1,0,0.7491,0.4829,-30.004
847,41,1,1,8,4,10,1,1,0,0.7488,0.58347,-25.836
848,81,0,0,11,7,11,1,1,0,0.7485,0.41671,-41.249
849,108,12,12,20,7,13,1,1,0,0.7483,0.40311,51.298
850,311,14,14,33,22,40,1,1,0,0.748,0.3116,70.56
851,348,21,21,55,22,40,1,1,0,0.7477,0.35493,156.521
852,145,4,4,26,14,11,1,1,0,0.7474,0.33203,31.447
853,112,5,5,18,9,21,1,1,0,0.7471,0.35465,14.921
854,124,8,8,18,9,18,1,1,0,0.7468,0.43249,32.616
855,18,1,1,9,2,3,1,1,0,0.7465,0.86401,-27.839
856,400,17,17,54,29,55,0,0,1,0.7462,0.35558,123.605
857,29,2,2,5,2,7,1,1,0,0.7459,0.63771,-25.218
858,43,2,2,12,4,11,1,1,0,0.7456,0.51972,-20.332
859,308,13,13,40,23,37,1,1,0,0.7453,0.328,124.06
860,87,6,6,24,8,15,1,1,0,0.745,0.44556,1.297
861,367,14,14,44,21,43,1,1,0,0.7447,0.29406,109.874
862,18,0,0,4,2,1,1,1,0,0.7444,0.75268,-19.752
863,233,19,19,47,22,27,1,1,0,0.7441,0.37495,88.023
864,18,0,0,5,2,2,1,1,0,0.7438,0.85081,-29.824
865,107,4,4,19,8,14,1,1,0,0.7435,0.36079,-12.559
866,91,6,6,19,9,13,1,1,0,0.7432,0.42237,38.902
867,34,2,2,8,4,8,1,1,0,0.7429,0.64361,-17.801
868,49,1,1,8,6,10,1,1,0,0.7426,0.56952,-27.318
869,53,1,1,8,6,10,1,1,0,0.7423,0.50303,2.937
870,157,9,9,33,14,24,1,1,0,0.742,0.37508,19.324
871,42,2,2,8,4,8,1,1,0,0.7417,0.55419,-23.333
872,400,21,21,73,36,45,0,0,1,0.7414,0.29649,210.981
873,53,3,3,8,6,6,1,1,0,0.7411,0.52393,-12.816
874,351,18,18,53,26,40,1,1,0,0.7408,0.33457,115.623
875,20,2,2,7,3,3,1,1,0,0.7405,0.86129,-25.856
876,237,10,10,29,23,35,1,1,0,0.7402,0.32502,31.852
877,400,23,23,65,29,44,0,0,1,0.7399,0.31954,193.424
878,265,10,10,38,19,37,1,1,0,0.7396,0.34793,105.205
879,25,3,3,7,3,5,1,1,0,0.7393,0.69284,-31.641
880,368,15,15,44,22,42,1,1,0,0.739,0.31883,113.897
881,268,10,10,38,18,20,1,1,0,0.7388,0.3085,100.621
882,101,3,3,18,8,13,1,1,0,0.7385,0.38155,-18.324
883,100,6,6,22,7,14,1,1,0,0.7382,0.41645,10.685
884,33,3,3,8,4,5,1,1,0,0.7379,0.70262,-3.358
885,104,8,8,18,10,13,1,1,0,0.7376,0.44338,7.55
886,97,7,7,24,9,11,1,1,0,0.7373,0.4205,26.288
887,87,4,4,18,7,10,1,1,0,0.737,0.37766,17.748
888,70,2,2,11,6,9,1,1,0,0.7367,0.47022,-20.014
889,98,3,3,17,8,16,1,1,0,0.7364,0.41463,18.028
890,203,11,11,32,13,22,1,1,0,0.7361,0.36534,33.769
891,131,9,9,19,8,15,1,1,0,0.7358,0.33206,34.962
892,400,26,26,59,29,28,0,0,1,0.7355,0.32826,243.596
893,182,10,10,42,16,24,1,1,0,0.7352,0.40754,64.81
894,21,1,1,12,3,5,1,1,0,0.7349,0.79899,-15.328
895,143,6,6,13,12,13,1,1,0,0.7346,0.39149,46.612
896,99,4,4,19,10,13,1,1,0,0.7343,0.39773,-2.994
897,282,14,14,40,20,37,1,1,0,0.734,0.30393,122.787
898,400,20,20,43,25,56,0,0,1,0.7337,0.30204,176.824
899,22,1,1,6,2,5,1,1,0,0.7334,0.86398,-24.268
900,226,19,19,39,15,27,1,1,0,0.7331,0.38921,109.358
901,183,8,8,31,13,25,1,1,0,0.7328,0.39057,55.121
902,22,1,1,10,3,3,1,1,0,0.7325,0.81914,-18.849
903,58,3,3,16,4,7,1,1,0,0.7322,0.45645,-15.18
904,400,21,21,47,31,43,0,0,1,0.7319,0.3501,205.581
905,68,2,2,14,7,11,1,1,0,0.7316,0.45058,13.395
906,45,0,0,16,5,7,1,1,0,0.7313,0.66509,-9.676
907,312,17,17,39,24,40,1,1,0,0.731,0.28285,145.24
908,153,6,6,24,15,18,1,1,0,0.7307,0.37176,52.412
909,63,5,5,13,5,11,1,1,0,0.7304,0.436,14.325
910,34,3,3,12,4,7,1,1,0,0.7301,0.63449,-22.057
911,76,1,1,9,7,8,1,1,0,0.7298,0.39551,-2.998
912,47,2,2,13,5,7,1,1,0,0.7295,0.49594,-22.615
913,96,5,5,17,6,10,1,1,0,0.7292,0.38256,17.047
914,400,28,28,72,30,40,0,0,1,0.729,0.34767,274.468
915,81,3,3,12,7,12,1,1,0,0.7287,0.46766,11.902
916,400,18,18,54,28,51,0,0,1,0.7284,0.33197,227.334
917,60,6,6,14,6,8,1,1,0,0.7281,0.53043,5.969
918,170,15,15,40,15,26,1,1,0,0.7278,0.41273,50.435
919,160,7,7,22,13,21,1,1,0,0.7275,0.38304,41.274
920,187,10,10,24,15,17,1,1,0,0.7272,0.39469,98.377
921,47,2,2,10,4,8,1,1,0,0.7269,0.45847,-16.64
922,139,5,5,22,10,21,1,1,0,0.7266,0.406,51.719
923,145,7,7,31,12,12,1,1,0,0.7263,0.40036,19.068
924,121,4,4,18,12,15,1,1,0,0.726,0.36575,9.351
925,232,6,6,24,22,30,1,1,0,0.7257,0.34627,27.125
926,141,7,7,20,12,14,1,1,0,0.7254,0.36941,19.098
927,193,13,13,36,16,20,1,1,0,0.7251,0.36494,51.5
928,267,17,17,36,18,35,1,1,0,0.7248,0.35726,108.876
929,65,4,4,13,7,6,1,1,0,0.7245,0.43879,1.187
930,44,2,2,5,4,4,1,1,0,0.7242,0.51315,-10.552
931,29,1,1,8,3,5,1,1,0,0.7239,0.62476,-19.697
932,223,18,18,46,16,28,1,1,0,0.7236,0.38167,123.672
933,223,9,9,41,19,27,1,1,0,0.7233,0.35139,77.897
934,26,1,1,6,3,2,1,1,0,0.723,0.62102,-23.861
935,190,11,11,30,19,17,1,1,0,0.7227,0.42783,93.542
936,145,11,11,31,12,17,1,1,0,0.7224,0.42785,100.393
937,400,19,19,52,28,31,0,0,1,0.7221,0.3259,276.37
938,136,10,10,28,11,14,1,1,0,0.7218,0.41783,58.385
939,400,21,21,65,33,36,0,0,1,0.7215,0.32617,256.885
940,38,3,3,9,4,4,1,1,0,0.7212,0.55545,-15.064
941,26,0,0,6,3,2,1,1,0,0.7209,0.69306,-22.493
942,63,4,4,15,5,9,1,1,0,0.7206,0.51131,13.491
943,389,18,18,57,30,37,1,1,0,0.7203,0.37219,248.892
944,33,1,1,8,4,7,1,1,0,0.72,0.7869,-11.084
945,110,5,5,17,10,15,1,1,0,0.7198,0.41092,8.138
946,100,5,5,16,7,21,1,1,0,0.7195,0.375,20.952
947,300,15,15,34,20,37,1,1,0,0.7192,0.31553,123.95
948,197,6,6,30,10,29,1,1,0,0.7189,0.30714,39.691
949,54,3,3,10,5,9,1,1,0,0.7186,0.4917,9.927
950,320,16,16,48,21,25,1,1,0,0.7183,0.33409,185.637
951,14,0,0,5,2,2,1,1,0,0.718,1.09642,-28.333
952,130,9,9,23,10,11,1,1,0,0.7177,0.33386,46.713
953,149,12,12,27,12,24,1,1,0,0.7174,0.3905,48.831
954,400,22,22,55,30,45,0,0,1,0.7171,0.33416,223.26
955,400,20,20,58,27,53,0,0,1,0.7168,0.28216,155.892
956,24,1,1,9,3,5,1,1,0,0.7165,0.71445,0.979
957,111,6,6,22,11,19,1,1,0,0.7162,0.39771,31.433
958,372,17,17,54,28,41,1,1,0,0.7159,0.34661,207.294
959,188,16,16,39,17,23,1,1,0,0.7156,0.4104,112.928
960,221,14,14,38,17,27,1,1,0,0.7153,0.36197,114.736
961,400,26,26,69,29,38,0,0,1,0.715,0.32254,292.959
962,6,0,0,2,1,2,1,1,0,0.7147,2.29546,-37.628
963,57,2,2,13,6,10,1,1,0,0.7144,0.56613,-11.731
964,213,13,13,44,18,19,1,1,0,0.7141,0.39059,119.51
965,52,2,2,9,5,4,1,1,0,0.7138,0.45549,0.78
966,179,12,12,29,13,19,1,1,0,0.7135,0.34723,93.103
967,20,1,1,9,3,3,1,1,0,0.7132,0.80986,-21.445
968,358,17,17,53,27,39,1,1,0,0.7129,0.30014,162.316
969,56,2,2,14,6,11,1,1,0,0.7126,0.49855,-0.893
970,31,2,2,14,2,2,1,1,0,0.7123,0.69158,11.256
971,138,7,7,26,11,14,1,1,0,0.712,0.36273,73.191
972,241,11,11,44,18,27,1,1,0,0.7117,0.40057,132.589
973,193,11,11,34,16,24,1,1,0,0.7114,0.37475,123.579
974,133,7,7,21,10,19,1,1,0,0.7111,0.38622,41.092
975,178,6,6,15,13,19,1,1,0,0.7108,0.35201,76.057
976,400,24,24,73,25,46,0,0,1,0.7105,0.31208,263.287
977,216,16,16,43,13,29,1,1,0,0.7103,0.3498,105.532
978,400,25,25,66,26,42,0,0,1,0.71,0.28611,284.77
979,400,24,24,60,24,42,0,0,1,0.7097,0.30125,250.257
980,400,18,18,52,35,40,0,0,1,0.7094,0.31959,205.958
981,37,2,2,7,3,8,1,1,0,0.7091,0.58832,-19.729
982,131,7,7,25,12,20,1,1,0,0.7088,0.36394,44.681
983,400,23,23,70,29,46,0,0,1,0.7085,0.31831,291.265
984,400,25,25,76,27,40,0,0,1,0.7082,0.29534,285.03
985,170,10,10,28,14,26,1,1,0,0.7079,0.33941,65.989
986,150,10,10,28,12,14,1,1,0,0.7076,0.36272,75.264
987,162,7,7,27,15,25,1,1,0,0.7073,0.36886,52.025
988,283,17,17,41,20,29,1,1,0,0.707,0.31671,155.141
989,400,25,25,64,25,40,0,0,1,0.7067,0.28706,244.099
990,400,25,25,57,30,31,0,0,1,0.7064,0.33023,290.765
991,35,2,2,7,4,5,1,1,0,0.7061,0.63616,-0.213
992,145,7,7,22,11,12,1,1,0,0.7058,0.33464,66.146
993,87,3,3,17,8,9,1,1,0,0.7055,0.39736,24.182
994,32,2,2,6,3,2,1,1,0,0.7052,0.57572,10.623
995,134,10,10,26,11,17,1,1,0,0.7049,0.40561,90.228
996,38,1,1,10,4,4,1,1,0,0.7046,0.53637,-13.362
997,194,13,13,30,14,23,1,1,0,0.7043,0.37836,114.623
998,255,17,17,42,16,31,1,1,0,0.704,0.3259,168.326
999,389,21,21,56,30,38,1,1,0,0.7037,0.3257,185.431
1000,400,19,19,62,27,43,0,0,1,0.7034,0.3107,275.738
1001,21,1,1,4,2,1,1,1,0,0.7031,0.72387,-22.697
1002,400,22,22,67,32,31,0,0,1,0.7028,0.33674,270.285
1003,221,15,15,46,19,31,1,1,0,0.7025,0.36406,169.603
1004,319,25,25,65,24,31,1,1,0,0.7022,0.37222,271.539
1005,400,23,23,68,27,41,0,0,1,0.7019,0.30233,327.861
1006,198,15,15,40,17,21,1,1,0,0.7016,0.40288,148.887
1007,215,10,10,35,21,17,1,1,0,0.7013,0.38423,188.608
1008,400,29,29,67,34,36,0,0,1,0.701,0.3732,397.022
1009,98,8,8,19,12,12,1,1,0,0.7007,0.51103,49.491
1010,35,0,0,5,5,7,1,1,0,0.7005,0.73018,-11.6
1011,111,5,5,15,12,8,1,1,0,0.7002,0.35372,49.651
1012,177,9,9,33,18,24,1,1,0,0.6999,0.41381,88.78
1013,400,18,18,52,40,42,0,0,1,0.6996,0.34238,239.104
1014,400,18,18,55,30,31,0,0,1,0.6993,0.3045,345.288
1015,91,6,6,14,9,10,1,1,0,0.699,0.43501,34.169
1016,246,14,14,64,22,32,1,1,0,0.6987,0.40983,167.791
1017,13,0,0,6,2,0,1,1,0,0.6984,0.97371,-18.368
1018,193,5,5,18,15,26,1,1,0,0.6981,0.39171,122.604
1019,9,0,0,2,1,3,1,1,0,0.6978,1.66123,-33.48
1020,400,20,20,67,34,35,0,0,1,0.6975,0.34228,363.87
1021,400,18,18,44,34,42,0,0,1,0.6972,0.33036,234.576
1022,298,25,25,62,24,32,1,1,0,0.6969,0.35769,216.448
1023,265,18,18,63,20,29,1,1,0,0.6966,0.38209,203.143
1024,91,3,3,16,10,8,1,1,0,0.6963,0.43034,29.98
1025,94,5,5,28,9,8,1,1,0,0.696,0.37126,67.299
1026,400,26,26,63,32,47,0,0,1,0.6957,0.32533,386.217
1027,24,1,1,8,3,5,1,1,0,0.6954,0.80112,-17.376
1028,400,20,20,57,30,38,0,0,1,0.6951,0.3526,358.329
1029,109,6,6,16,10,15,1,1,0,0.6948,0.43499,39.483
1030,299,13,13,35,21,36,1,1,0,0.6945,0.3268,222.931
1031,240,9,9,34,20,30,1,1,0,0.6942,0.36543,124.316
1032,400,24,24,63,30,30,0,0,1,0.6939,0.29753,400.699
1033,400,29,29,68,33,34,0,0,1,0.6936,0.3261,376.286
1034,129,8,8,38,13,16,1,1,0,0.6933,0.36463,77.297
1035,162,12,12,31,14,20,1,1,0,0.693,0.37971,113.002
1036,400,18,18,53,32,37,0,0,1,0.6927,0.3354,355.13
1037,400,17,17,42,33,42,0,0,1,0.6924,0.33183,313.754
1038,400,27,27,61,32,43,0,0,1,0.6921,0.33668,320.02
1039,199,11,11,33,16,24,1,1,0,0.6918,0.36968,114.142
1040,400,25,25,60,30,46,0,0,1,0.6915,0.32188,355.477
1041,400,20,20,62,31,51,0,0,1,0.6913,0.33978,357.72
1042,245,12,12,45,21,30,1,1,0,0.691,0.32853,126.645
1043,103,1,1,9,9,6,1,1,0,0.6907,0.34226,62.015
1044,400,31,31,78,32,42,0,0,1,0.6904,0.33569,379.652
1045,268,12,12,46,22,21,1,1,0,0.6901,0.36816,173.738
1046,256,19,19,56,25,30,1,1,0,0.6898,0.43479,220.278
1047,119,6,6,14,12,17,1,1,0,0.6895,0.45245,84.287
1048,368,25,25,52,24,29,1,1,0,0.6892,0.31309,320.936
1049,400,26,26,66,32,36,0,0,1,0.6889,0.34303,356.9
1050,27,0,0,3,3,5,1,1,0,0.6886,0.78933,-19.058
1051,25,2,2,5,3,8,1,1,0,0.6883,0.72897,-24.233
1052,122,10,10,23,8,17,1,1,0,0.688,0.39942,77.202
1053,112,4,4,25,12,14,1,1,0,0.6877,0.47037,73.0
1054,400,24,24,64,27,34,0,0,1,0.6874,0.30693,412.574
1055,236,11,11,34,18,28,1,1,0,0.6871,0.37011,192.358
1056,242,17,17,33,19,27,1,1,0,0.6868,0.35531,185.122
1057,72,4,4,9,6,15,1,1,0,0.6865,0.4058,45.926
1058,118,7,7,20,11,10,1,1,0,0.6862,0.38592,64.377
1059,208,9,9,30,21,20,1,1,0,0.6859,0.41482,136.574
1060,226,14,14,47,20,24,1,1,0,0.6856,0.36508,195.852
1061,400,18,18,52,28,25,0,0,1,0.6853,0.26273,377.517
1062,274,22,22,58,22,27,1,1,0,0.685,0.32007,256.884
1063,400,32,32,72,32,38,0,0,1,0.6847,0.35105,397.66
1064,32,0,0,9,4,2,1,1,0,0.6844,0.62597,-13.038
1065,400,28,28,69,34,46,0,0,1,0.6841,0.37594,357.989
1066,400,25,25,61,34,43,0,0,1,0.6838,0.35952,311.799
1067,400,35,35,89,31,29,0,0,1,0.6835,0.34331,458.435
1068,36,1,1,6,4,8,1,1,0,0.6832,0.68515,-8.423
1069,70,3,3,12,7,6,1,1,0,0.6829,0.38635,17.723
1070,38,1,1,5,4,4,1,1,0,0.6826,0.59514,-7.939
1071,163,7,7,24,15,23,1,1,0,0.6823,0.35207,103.07
1072,400,18,18,65,32,55,0,0,1,0.682,0.29547,330.741
1073,189,13,13,31,18,21,1,1,0,0.6818,0.41734,182.641
1074,138,5,5,27,13,22,1,1,0,0.6815,0.39634,95.158
1075,295,7,7,30,21,37,1,1,0,0.6812,0.33893,209.05
1076,400,22,22,59,28,41,0,0,1,0.6809,0.30205,382.291
1077,86,4,4,10,8,10,1,1,0,0.6806,0.41567,31.502
1078,400,14,14,39,31,36,0,0,1,0.6803,0.2954,311.272
1079,122,8,8,18,11,19,1,1,0,0.68,0.37476,69.749
1080,108,4,4,22,9,10,1,1,0,0.6797,0.37894,44.02
1081,54,2,2,13,6,10,1,1,0,0.6794,0.54118,-2.7
1082,34,1,1,15,4,5,1,1,0,0.6791,0.68521,5.74
1083,41,1,1,8,4,5,1,1,0,0.6788,0.59231,0.11
1084,48,3,3,10,5,3,1,1,0,0.6785,0.53641,-1.018
1085,400,15,15,55,30,36,0,0,1,0.6782,0.2648,279.81
1086,149,8,8,30,12,16,1,1,0,0.6779,0.36349,89.027
1087,400,20,20,51,33,52,0,0,1,0.6776,0.30916,250.991
1088,400,19,19,51,29,40,0,0,1,0.6773,0.2727,386.526
1089,59,4,4,11,4,7,1,1,0,0.677,0.42802,4.278
1090,400,21,21,67,31,42,0,0,1,0.6767,0.29973,333.024
1091,81,4,4,12,7,14,1,1,0,0.6764,0.41489,9.319
1092,82,6,6,20,8,9,1,1,0,0.6761,0.44025,43.708
1093,400,20,20,62,25,36,0,0,1,0.6758,0.24901,335.002
1094,57,5,5,14,5,7,1,1,0,0.6755,0.47165,32.477
1095,146,13,13,25,11,11,1,1,0,0.6752,0.37825,115.057
1096,400,23,23,67,30,43,0,0,1,0.6749,0.31424,383.432
1097,400,26,26,61,31,36,0,0,1,0.6746,0.2908,357.623
1098,400,30,30,85,32,32,0,0,1,0.6743,0.32367,424.775
1099,400,24,24,65,33,44,0,0,1,0.674,0.31126,378.356
1100,357,17,17,64,30,43,1,1,0,0.6737,0.32936,266.583
1101,44,2,2,8,5,8,1,1,0,0.6734,0.56758,8.491
1102,183,7,7,41,17,15,1,1,0,0.6731,0.34859,124.75
1103,306,17,17,49,26,29,1,1,0,0.6728,0.35507,255.435
1104,285,17,17,51,24,33,1,1,0,0.6725,0.3264,215.478
1105,132,7,7,24,12,19,1,1,0,0.6723,0.40995,78.241
1106,317,20,20,49,26,29,1,1,0,0.672,0.36524,250.4
1107,81,4,4,10,8,8,1,1,0,0.6717,0.4297,36.07
1108,400,22,22,53,33,37,0,0,1,0.6714,0.29814,336.833
1109,100,3,3,20,8,13,1,1,0,0.6711,0.42712,27.474
1110,400,18,18,49,31,39,0,0,1,0.6708,0.27738,339.638
1111,400,21,21,55,28,40,0,0,1,0.6705,0.30425,313.066
1112,400,18,18,62,37,38,0,0,1,0.6702,0.30606,326.074
1113,223,17,17,51,16,24,1,1,0,0.6699,0.32708,180.43
1114,137,7,7,28,8,15,1,1,0,0.6696,0.33027,109.265
1115,400,26,26,72,33,33,0,0,1,0.6693,0.34499,403.885
1116,61,3,3,8,5,7,1,1,0,0.669,0.41333,25.459
1117,38,1,1,12,4,5,1,1,0,0.6687,0.63623,-1.301
1118,28,1,1,5,3,6,1,1,0,0.6684,0.68455,-21.266
1119,400,23,23,70,31,38,0,0,1,0.6681,0.31752,407.956
1120,400,24,24,75,34,35,0,0,1,0.6678,0.32505,405.053
1121,133,11,11,29,11,10,1,1,0,0.6675,0.43443,103.776
1122,400,27,27,60,31,22,0,0,1,0.6672,0.29884,452.26
1123,400,30,30,75,34,28,0,0,1,0.6669,0.34307,464.766
1124,56,4,4,12,5,6,1,1,0,0.6666,0.50517,43.964
1125,400,23,23,58,30,30,0,0,1,0.6663,0.28695,407.751
1126,400,18,18,59,34,27,0,0,1,0.666,0.31807,449.016
1127,400,24,24,67,32,30,0,0,1,0.6657,0.32794,440.574
1128,43,2,2,7,4,5,1,1,0,0.6654,0.58348,1.83
1129,400,24,24,55,31,37,0,0,1,0.6651,0.32829,422.789
1130,400,18,18,59,37,36,0,0,1,0.6648,0.32954,419.755
1131,191,15,15,36,17,26,1,1,0,0.6645,0.36744,187.408
1132,94,7,7,20,8,11,1,1,0,0.6642,0.39318,74.777
1133,81,5,5,14,7,7,1,1,0,0.6639,0.42979,60.771
1134,289,13,13,35,25,37,1,1,0,0.6636,0.37586,201.358
1135,247,20,20,50,18,27,1,1,0,0.6633,0.31875,226.072
1136,67,7,7,21,6,9,1,1,0,0.663,0.43389,42.492
1137,193,12,12,34,17,23,1,1,0,0.6627,0.32206,141.45
1138,400,20,20,53,29,36,0,0,1,0.6625,0.33244,393.077
1139,87,5,5,24,10,6,1,1,0,0.6622,0.48365,80.397
1140,66,5,5,20,6,8,1,1,0,0.6619,0.52661,45.754
1141,130,6,6,30,12,12,1,1,0,0.6616,0.37633,93.725
1142,400,23,23,68,30,42,0,0,1,0.6613,0.32405,372.23
1143,74,6,6,17,7,9,1,1,0,0.661,0.46063,77.839
1144,99,6,6,21,10,9,1,1,0,0.6607,0.46759,58.386
1145,186,12,12,30,15,15,1,1,0,0.6604,0.37769,184.6
1146,260,17,17,42,24,28,1,1,0,0.6601,0.43732,242.123
1147,87,5,5,15,8,11,1,1,0,0.6598,0.43321,43.088
1148,387,21,21,47,32,34,1,1,0,0.6595,0.35923,358.568
1149,163,11,11,31,13,23,1,1,0,0.6592,0.45787,137.122
1150,47,1,1,10,6,2,1,1,0,0.6589,0.43221,22.207
1151,400,16,16,58,34,35,0,0,1,0.6586,0.31266,390.171
1152,186,12,12,41,18,21,1,1,0,0.6583,0.43075,184.601
1153,400,23,23,53,35,33,0,0,1,0.658,0.28608,429.949
1154,39,2,2,9,4,6,1,1,0,0.6577,0.6442,1.028
1155,261,9,9,30,23,19,1,1,0,0.6574,0.34144,265.48
1156,35,2,2,9,5,8,1,1,0,0.6571,0.71194,-6.95
1157,135,9,9,29,12,5,1,1,0,0.6568,0.36616,142.296
1158,300,16,16,43,24,31,1,1,0,0.6565,0.31268,285.404
1159,181,11,11,34,14,12,1,1,0,0.6562,0.31039,173.174
1160,400,23,23,58,32,32,0,0,1,0.6559,0.32823,415.792
1161,203,12,12,36,19,22,1,1,0,0.6556,0.36067,165.848
1162,185,10,10,28,15,20,1,1,0,0.6553,0.34435,192.613
1163,399,13,13,36,32,46,1,1,0,0.655,0.31479,364.084
1164,162,6,6,16,14,16,1,1,0,0.6547,0.36523,132.931
1165,400,24,24,63,30,40,0,0,1,0.6544,0.30647,448.342
1166,172,9,9,24,15,25,1,1,0,0.6541,0.35186,154.178
1167,25,1,1,7,3,6,1,1,0,0.6538,0.77645,-19.568
1168,232,8,8,31,19,22,1,1,0,0.6535,0.32789,197.823
1169,400,19,19,60,40,36,0,0,1,0.6532,0.32467,424.386
1170,211,16,16,44,17,20,1,1,0,0.653,0.33944,172.142
1171,400,22,22,75,33,35,0,0,1,0.6527,0.32166,369.221
1172,400,28,28,69,33,38,0,0,1,0.6524,0.34827,445.55
1173,400,29,29,83,34,36,0,0,1,0.6521,0.33912,486.736
1174,400,24,24,66,31,30,0,0,1,0.6518,0.32554,485.061
1175,400,20,20,62,34,40,0,0,1,0.6515,0.31589,430.776
1176,225,14,14,46,17,38,1,1,0,0.6512,0.38238,207.793
1177,400,11,11,44,33,45,0,0,1,0.6509,0.27589,336.32
1178,400,22,22,63,32,35,0,0,1,0.6506,0.31529,449.471
1179,400,29,29,81,38,28,0,0,1,0.6503,0.33625,509.317
1180,83,3,3,11,9,10,1,1,0,0.65,0.55148,56.934
1181,105,5,5,20,10,13,1,1,0,0.6497,0.42533,62.145
1182,400,23,23,63,30,38,0,0,1,0.6494,0.30748,441.162
1183,277,26,26,70,25,30,1,1,0,0.6491,0.37028,323.808
1184,400,19,19,52,33,43,0,0,1,0.6488,0.31123,407.762
1185,26,2,2,11,3,7,1,1,0,0.6485,0.81541,-13.689
1186,400,24,24,69,32,35,0,0,1,0.6482,0.29714,487.691
1187,31,2,2,12,4,6,1,1,0,0.6479,0.69664,-9.954
1188,400,18,18,45,35,38,0,0,1,0.6476,0.34889,468.507
1189,400,24,24,64,34,30,0,0,1,0.6473,0.30307,458.041
1190,207,5,5,27,16,21,1,1,0,0.647,0.30644,167.232
1191,138,6,6,26,12,11,1,1,0,0.6467,0.34458,115.115
1192,63,3,3,12,7,8,1,1,0,0.6464,0.45721,26.185
1193,400,25,25,62,27,37,0,0,1,0.6461,0.32201,436.38
1194,80,7,7,8,5,9,1,1,0,0.6458,0.42328,74.657
1195,400,23,23,58,33,35,0,0,1,0.6455,0.31537,387.742
1196,37,2,2,7,3,7,1,1,0,0.6452,0.52612,-17.247
1197,63,4,4,12,7,7,1,1,0,0.6449,0.45912,38.985
1198,188,9,9,27,14,18,1,1,0,0.6446,0.38244,160.861
1199,400,24,24,58,31,31,0,0,1,0.6443,0.31558,389.757
1200,400,21,21,48,34,40,0,0,1,0.644,0.32768,402.569
1201,400,19,19,63,37,27,0,0,1,0.6438,0.28897,405.432
1202,17,0,0,3,2,3,1,1,0,0.6435,0.93078,-28.808
1203,92,3,3,18,8,13,1,1,0,0.6432,0.44892,49.48
1204,154,3,3,12,13,14,1,1,0,0.6429,0.2968,59.733
1205,5,0,0,2,1,2,1,1,0,0.6426,3.06684,-29.704
1206,400,31,31,69,29,41,0,0,1,0.6423,0.31208,482.447
1207,124,11,11,28,11,15,1,1,0,0.642,0.45683,132.974
1208,157,12,12,28,14,20,1,1,0,0.6417,0.35158,122.716
1209,400,23,23,57,32,34,0,0,1,0.6414,0.33322,464.927
1210,400,21,21,52,27,41,0,0,1,0.6411,0.26726,370.767
1211,400,29,29,64,30,39,0,0,1,0.6408,0.27635,392.248
1212,400,15,15,37,32,46,0,0,1,0.6405,0.29297,364.202
1213,148,10,10,32,12,15,1,1,0,0.6402,0.36478,131.384
1214,80,5,5,17,8,7,1,1,0,0.6399,0.44051,35.889
1215,400,30,30,78,32,37,0,0,1,0.6396,0.29538,454.801
1216,194,7,7,44,19,23,1,1,0,0.6393,0.36369,170.92
1217,400,27,27,59,29,38,0,0,1,0.639,0.28425,477.351
1218,400,21,21,57,31,35,0,0,1,0.6387,0.31536,433.193
1219,400,26,26,55,35,40,0,0,1,0.6384,0.29537,360.735
1220,141,12,12,34,13,14,1,1,0,0.6381,0.43466,130.667
1221,400,21,21,65,30,42,0,0,1,0.6378,0.30819,418.715
1222,214,9,9,25,16,21,1,1,0,0.6375,0.3305,175.028
1223,190,5,5,25,17,24,1,1,0,0.6372,0.32092,102.563
1224,400,27,27,67,32,39,0,0,1,0.6369,0.28524,406.455
1225,400,27,27,79,27,34,0,0,1,0.6366,0.29817,418.699
1226,400,24,24,57,33,39,0,0,1,0.6363,0.34142,448.395
1227,400,26,26,64,25,30,0,0,1,0.636,0.24971,452.945
1228,152,15,15,23,7,16,1,1,0,0.6357,0.34327,140.713
1229,400,27,27,80,34,43,0,0,1,0.6354,0.28892,387.473
1230,400,27,27,83,32,30,0,0,1,0.6351,0.28353,449.588
1231,37,1,1,9,4,6,1,1,0,0.6348,0.63095,-2.776
1232,400,33,33,75,30,53,0,0,1,0.6345,0.34553,424.387
1233,292,19,19,48,21,28,1,1,0,0.6342,0.3457,257.26
1234,400,25,25,60,28,33,0,0,1,0.634,0.28501,422.119
1235,116,6,6,12,10,15,1,1,0,0.6337,0.41273,102.444
1236,360,19,19,56,22,33,1,1,0,0.6334,0.30231,343.743
1237,16,1,1,5,2,1,1,1,0,0.6331,0.79182,8.116
1238,400,23,23,65,27,41,0,0,1,0.6328,0.29578,426.858
1239,400,27,27,59,30,29,0,0,1,0.6325,0.31657,437.564
1240,400,29,29,79,31,34,0,0,1,0.6322,0.31994,470.007
1241,186,8,8,31,12,26,1,1,0,0.6319,0.35163,132.693
1242,305,22,22,61,22,30,1,1,0,0.6316,0.31608,348.771
1243,400,30,30,65,29,37,0,0,1,0.6313,0.32151,434.541
1244,400,21,21,57,33,40,0,0,1,0.631,0.31628,385.562
1245,400,24,24,63,29,38,0,0,1,0.6307,0.27388,454.822
1246,169,14,14,41,14,16,1,1,0,0.6304,0.37377,174.315
1247,400,25,25,52,29,36,0,0,1,0.6301,0.30258,487.067
1248,400,21,21,52,33,52,0,0,1,0.6298,0.32113,442.117
1249,400,17,17,49,32,29,0,0,1,0.6295,0.31456,384.844
1250,26,1,1,8,3,3,1,1,0,0.6292,0.73496,1.499
1251,400,26,26,59,33,37,0,0,1,0.6289,0.29017,469.726
1252,400,31,31,64,29,33,0,0,1,0.6286,0.3581,511.888
1253,246,11,11,34,18,27,1,1,0,0.6283,0.31132,249.331
1254,177,11,11,32,16,21,1,1,0,0.628,0.32268,154.899
1255,111,5,5,22,10,15,1,1,0,0.6277,0.38946,58.982
1256,400,24,24,53,32,40,0,0,1,0.6274,0.32893,429.504
1257,400,23,23,43,27,42,0,0,1,0.6271,0.28095,440.588
1258,400,21,21,60,32,30,0,0,1,0.6268,0.281,454.16
1259,400,19,19,60,30,32,0,0,1,0.6265,0.29031,396.538
1260,400,22,22,63,25,31,0,0,1,0.6262,0.24541,410.882
1261,400,18,18,67,33,47,0,0,1,0.6259,0.30132,423.518
1262,400,21,21,56,31,34,0,0,1,0.6256,0.28366,461.754
1263,400,25,25,68,33,40,0,0,1,0.6253,0.33689,465.106
1264,171,7,7,32,15,21,1,1,0,0.625,0.38875,163.479
1265,400,27,27,73,30,38,0,0,1,0.6248,0.31336,470.21
1266,400,29,29,73,30,44,0,0,1,0.6245,0.30982,466.258
1267,400,21,21,64,33,41,0,0,1,0.6242,0.32354,383.471
1268,400,22,22,60,34,30,0,0,1,0.6239,0.26893,453.087
1269,183,11,11,37,17,20,1,1,0,0.6236,0.36099,163.868
1270,24,1,1,6,3,6,1,1,0,0.6233,0.84358,-19.646
1271,400,21,21,46,38,48,0,0,1,0.623,0.34126,407.675
1272,207,13,13,42,19,25,1,1,0,0.6227,0.33915,216.709
1273,90,4,4,10,7,12,1,1,0,0.6224,0.46211,67.387
1274,360,21,21,51,32,42,1,1,0,0.6221,0.35446,364.888
1275,400,33,33,81,33,30,0,0,1,0.6218,0.30506,495.847
1276,173,12,12,40,15,11,1,1,0,0.6215,0.31463,204.247
1277,400,23,23,58,25,30,0,0,1,0.6212,0.27021,477.097
1278,21,1,1,8,2,5,1,1,0,0.6209,0.79447,-6.048
1279,320,17,17,50,28,29,1,1,0,0.6206,0.34322,335.714
1280,400,18,18,71,29,39,0,0,1,0.6203,0.29965,448.805
1281,253,24,24,54,19,24,1,1,0,0.62,0.36051,271.271
1282,295,20,20,43,21,36,1,1,0,0.6197,0.37105,330.39
1283,101,8,8,25,10,9,1,1,0,0.6194,0.43164,96.211
1284,400,23,23,52,30,44,0,0,1,0.6191,0.27979,464.171
1285,400,26,26,72,29,44,0,0,1,0.6188,0.29633,429.021
1286,121,9,9,19,10,15,1,1,0,0.6185,0.39593,112.733
1287,128,12,12,31,11,6,1,1,0,0.6182,0.35004,154.613
1288,400,25,25,64,28,43,0,0,1,0.6179,0.30687,478.037
1289,400,29,29,74,32,31,0,0,1,0.6176,0.278,477.041
1290,400,24,24,59,30,39,0,0,1,0.6173,0.30239,502.32
1291,400,21,21,53,32,34,0,0,1,0.617,0.29965,477.514
1292,400,20,20,66,32,37,0,0,1,0.6167,0.28898,469.046
1293,400,35,35,79,31,32,0,0,1,0.6164,0.321,552.402
1294,400,32,32,79,33,26,0,0,1,0.6161,0.29909,542.803
1295,62,3,3,12,6,7,1,1,0,0.6158,0.48648,37.794
1296,125,8,8,28,12,14,1,1,0,0.6155,0.4661,102.907
1297,400,26,26,79,29,38,0,0,1,0.6153,0.29132,486.825
1298,400,25,25,71,37,45,0,0,1,0.615,0.31981,459.507
1299,400,22,22,63,30,41,0,0,1,0.6147,0.32553,499.485
1300,400,26,26,66,26,27,0,0,1,0.6144,0.27697,530.097
1301,244,9,9,33,19,13,1,1,0,0.6141,0.30634,286.819
1302,400,29,29,87,37,34,0,0,1,0.6138,0.29842,560.372
1303,400,21,21,66,35,26,0,0,1,0.6135,0.29128,514.357
1304,400,17,17,53,35,27,0,0,1,0.6132,0.282,507.648
1305,400,18,18,54,33,24,0,0,1,0.6129,0.28521,521.183
1306,400,25,25,69,31,39,0,0,1,0.6126,0.28736,521.366
1307,62,6,6,19,6,6,1,1,0,0.6123,0.51062,55.658
1308,400,24,24,57,24,45,0,0,1,0.612,0.30893,483.877
1309,351,22,22,58,29,28,1,1,0,0.6117,0.34212,416.017
1310,400,22,22,60,29,40,0,0,1,0.6114,0.33088,465.452
1311,400,19,19,55,33,36,0,0,1,0.6111,0.26873,516.654
1312,310,12,12,41,26,28,1,1,0,0.6108,0.31658,352.672
1313,400,31,31,71,32,26,0,0,1,0.6105,0.33412,562.378
1314,400,27,27,70,27,37,0,0,1,0.6102,0.29819,531.306
1315,400,24,24,68,31,38,0,0,1,0.6099,0.27571,483.444
1316,400,28,28,64,32,30,0,0,1,0.6096,0.30167,485.225
1317,52,3,3,10,5,9,1,1,0,0.6093,0.51756,17.574
1318,225,11,11,37,17,30,1,1,0,0.609,0.34124,227.7
1319,400,26,26,68,33,40,0,0,1,0.6087,0.29052,496.233
1320,400,23,23,65,27,35,0,0,1,0.6084,0.26187,522.841
1321,400,25,25,68,30,27,0,0,1,0.6081,0.26549,535.783
1322,104,7,7,21,10,10,1,1,0,0.6078,0.41532,80.705
1323,400,29,29,74,33,30,0,0,1,0.6075,0.31078,507.059
1324,400,36,36,93,34,47,0,0,1,0.6072,0.31305,527.716
1325,400,28,28,83,30,34,0,0,1,0.6069,0.30938,534.559
1326,75,9,9,30,8,9,1,1,0,0.6066,0.50881,101.794
1327,400,19,19,52,29,36,0,0,1,0.6063,0.29857,505.158
1328,400,22,22,49,31,38,0,0,1,0.606,0.2717,480.123
1329,400,27,27,66,30,33,0,0,1,0.6058,0.27741,509.516
1330,400,34,34,78,32,48,0,0,1,0.6055,0.30887,552.152
1331,400,22,22,72,32,38,0,0,1,0.6052,0.28498,465.812
1332,400,26,26,63,27,31,0,0,1,0.6049,0.28261,533.227
1333,400,28,28,70,32,30,0,0,1,0.6046,0.28281,515.168
1334,400,27,27,71,32,29,0,0,1,0.6043,0.31217,527.22
1335,237,2,2,12,20,18,1,1,0,0.604,0.28289,242.317
1336,170,10,10,27,14,17,1,1,0,0.6037,0.35004,161.594
1337,400,31,31,71,31,29,0,0,1,0.6034,0.30083,540.879
1338,400,28,28,80,33,35,0,0,1,0.6031,0.29742,533.859
1339,400,23,23,67,33,39,0,0,1,0.6028,0.28892,545.509
1340,184,12,12,36,17,13,1,1,0,0.6025,0.35752,239.361
1341,400,17,17,62,28,38,0,0,1,0.6022,0.2653,514.505
1342,400,24,24,73,32,23,0,0,1,0.6019,0.26357,538.064
1343,400,28,28,72,33,29,0,0,1,0.6016,0.30289,549.753
1344,400,21,21,47,25,39,0,0,1,0.6013,0.25407,524.767
1345,400,28,28,67,30,34,0,0,1,0.601,0.26497,550.732
1346,400,19,19,59,30,36,0,0,1,0.6007,0.2687,536.02
1347,400,24,24,60,36,33,0,0,1,0.6004,0.30357,572.466
1348,400,16,16,49,31,37,0,0,1,0.6001,0.28053,493.816
1349,400,25,25,59,31,32,0,0,1,0.5998,0.28356,526.157
1350,107,4,4,25,10,12,1,1,0,0.5995,0.35571,94.233
1351,44,1,1,13,4,4,1,1,0,0.5992,0.49865,11.398
1352,400,32,32,78,32,34,0,0,1,0.5989,0.29494,546.398
1353,400,25,25,61,34,33,0,0,1,0.5986,0.29598,546.428
1354,400,25,25,70,32,33,0,0,1,0.5983,0.31103,572.511
1355,400,23,23,54,34,28,0,0,1,0.598,0.30972,575.827
1356,400,22,22,60,34,25,0,0,1,0.5977,0.31051,561.136
1357,400,28,28,74,30,30,0,0,1,0.5974,0.35169,555.575
1358,400,30,30,81,29,39,0,0,1,0.5971,0.36261,546.326
1359,400,25,25,61,33,33,0,0,1,0.5968,0.32016,522.65
1360,400,30,30,78,34,36,0,0,1,0.5965,0.30133,548.418
1361,400,32,32,75,30,33,0,0,1,0.5962,0.3122,618.861
1362,31,1,1,10,4,5,1,1,0,0.596,0.7153,-7.733
1363,231,13,13,49,18,23,1,1,0,0.5957,0.33475,324.925
1364,400,26,26,58,30,30,0,0,1,0.5954,0.31045,558.869
1365,400,25,25,72,30,33,0,0,1,0.5951,0.33532,581.916
1366,51,2,2,9,5,2,1,1,0,0.5948,0.52773,16.986
1367,268,15,15,45,23,15,1,1,0,0.5945,0.34348,350.153
1368,96,7,7,20,8,7,1,1,0,0.5942,0.4169,108.451
1369,400,26,26,67,28,25,0,0,1,0.5939,0.28944,616.438
1370,87,6,6,24,7,17,1,1,0,0.5936,0.41597,81.638
1371,189,10,10,26,17,15,1,1,0,0.5933,0.36197,235.382
1372,400,17,17,50,37,30,0,0,1,0.593,0.30706,566.732
1373,371,21,21,62,30,28,1,1,0,0.5927,0.3272,503.067
1374,153,9,9,27,15,13,1,1,0,0.5924,0.391,187.498
1375,44,1,1,9,5,8,1,1,0,0.5921,0.56043,-2.253
1376,400,22,22,54,28,31,0,0,1,0.5918,0.27407,525.004
1377,249,17,17,47,16,19,1,1,0,0.5915,0.29818,291.817
1378,400,34,34,83,37,40,0,0,1,0.5912,0.32485,567.63
1379,400,23,23,71,36,36,0,0,1,0.5909,0.30748,507.411
1380,400,23,23,59,35,22,0,0,1,0.5906,0.28305,580.264
1381,400,29,29,78,31,26,0,0,1,0.5903,0.3086,621.257
1382,400,22,22,59,29,23,0,0,1,0.59,0.25969,571.986
1383,400,24,24,80,44,38,0,0,1,0.5897,0.30839,479.608
1384,400,26,26,54,37,34,0,0,1,0.5894,0.30602,499.137
1385,168,8,8,27,15,17,1,1,0,0.5891,0.35904,157.001
1386,400,23,23,55,32,30,0,0,1,0.5888,0.2824,533.08
1387,385,20,20,65,32,34,1,1,0,0.5885,0.30265,465.755
1388,33,3,3,8,4,1,1,1,0,0.5882,0.6565,43.436
1389,332,17,17,49,27,21,1,1,0,0.5879,0.31622,392.233
1390,400,20,20,50,30,36,0,0,1,0.5876,0.29948,501.331
1391,374,15,15,43,26,36,1,1,0,0.5873,0.30761,368.486
1392,276,18,18,46,20,31,1,1,0,0.587,0.30669,287.509
1393,400,24,24,65,28,38,0,0,1,0.5867,0.27687,450.334
1394,400,16,16,37,29,42,0,0,1,0.5865,0.27709,451.727
1395,96,5,5,21,9,6,1,1,0,0.5862,0.41458,70.116
1396,400,27,27,73,27,37,0,0,1,0.5859,0.29384,589.773
1397,76,3,3,10,7,6,1,1,0,0.5856,0.39992,61.567
1398,400,27,27,69,32,28,0,0,1,0.5853,0.29304,519.401
1399,400,20,20,50,33,31,0,0,1,0.585,0.2689,465.137
1400,400,20,20,45,32,30,0,0,1,0.5847,0.30967,569.394
1401,95,10,10,24,6,15,1,1,0,0.5844,0.43739,96.912
1402,200,8,8,40,16,17,1,1,0,0.5841,0.37017,208.37
1403,400,25,25,65,28,43,0,0,1,0.5838,0.29715,506.045
1404,18,3,3,8,2,5,1,1,0,0.5835,1.1057,-19.404
1405,141,8,8,32,10,16,1,1,0,0.5832,0.34875,156.607
1406,332,21,21,51,27,31,1,1,0,0.5829,0.30623,409.501
1407,400,25,25,69,25,35,0,0,1,0.5826,0.24933,513.807
1408,400,26,26,67,29,35,0,0,1,0.5823,0.28262,548.464
1409,400,24,24,64,26,29,0,0,1,0.582,0.24878,540.709
1410,400,24,24,57,29,32,0,0,1,0.5817,0.31415,533.5
1411,168,9,9,20,13,16,1,1,0,0.5814,0.35254,176.149
1412,400,24,24,63,27,38,0,0,1,0.5811,0.26099,527.102
1413,297,13,13,39,23,30,1,1,0,0.5808,0.30393,374.42
1414,172,17,17,47,16,16,1,1,0,0.5805,0.37092,228.352
1415,400,21,21,70,30,32,0,0,1,0.5802,0.25856,511.594
1416,400,21,21,67,32,34,0,0,1,0.5799,0.2868,516.861
1417,400,25,25,61,33,27,0,0,1,0.5796,0.28525,590.769
1418,95,0,0,8,8,6,1,1,0,0.5793,0.35292,76.494
1419,400,28,28,80,36,37,0,0,1,0.579,0.32965,587.844
1420,400,18,18,65,30,31,0,0,1,0.5787,0.30136,586.479
1421,400,27,27,72,33,32,0,0,1,0.5784,0.30003,605.981
1422,400,26,26,71,36,41,0,0,1,0.5781,0.30216,622.431
1423,398,26,26,60,32,37,1,1,0,0.5778,0.35759,558.09
1424,387,34,34,88,33,29,1,1,0,0.5775,0.35158,575.797
1425,400,27,27,65,36,29,0,0,1,0.5773,0.29005,559.719
1426,400,23,23,64,31,36,0,0,1,0.577,0.3064,576.796
1427,400,26,26,76,30,34,0,0,1,0.5767,0.2976,586.667
1428,400,28,28,86,33,35,0,0,1,0.5764,0.30619,579.786
1429,160,14,14,30,16,16,1,1,0,0.5761,0.44905,204.286
1430,400,20,20,51,32,37,0,0,1,0.5758,0.30301,537.585
1431,400,30,30,73,28,30,0,0,1,0.5755,0.28105,550.113
1432,400,24,24,67,31,34,0,0,1,0.5752,0.27995,541.04
1433,400,25,25,68,28,27,0,0,1,0.5749,0.26198,597.669
1434,141,8,8,33,14,16,1,1,0,0.5746,0.44187,176.904
1435,400,20,20,61,34,33,0,0,1,0.5743,0.27956,579.385
1436,400,27,27,75,31,26,0,0,1,0.574,0.31128,609.787
1437,400,27,27,70,29,46,0,0,1,0.5737,0.32198,567.398
1438,73,4,4,13,5,10,1,1,0,0.5734,0.3689,57.111
1439,220,15,15,40,18,15,1,1,0,0.5731,0.32786,278.137
1440,400,33,33,76,34,31,0,0,1,0.5728,0.32477,589.78
1441,400,20,20,61,31,28,0,0,1,0.5725,0.26527,565.926
1442,400,29,29,57,30,35,0,0,1,0.5722,0.26625,587.425
1443,400,27,27,79,30,28,0,0,1,0.5719,0.32686,616.073
1444,206,10,10,41,17,18,1,1,0,0.5716,0.31468,287.382
1445,400,23,23,58,36,39,0,0,1,0.5713,0.29693,526.284
1446,400,26,26,68,35,40,0,0,1,0.571,0.28516,572.175
1447,400,32,32,61,33,31,0,0,1,0.5707,0.30426,610.168
1448,400,24,24,55,35,32,0,0,1,0.5704,0.31646,589.627
1449,400,29,29,76,35,37,0,0,1,0.5701,0.2849,620.979
1450,400,27,27,67,32,23,0,0,1,0.5698,0.28668,611.107
1451,400,30,30,79,30,34,0,0,1,0.5695,0.28812,616.789
1452,400,28,28,74,34,27,0,0,1,0.5692,0.30459,604.098
1453,400,33,33,74,33,31,0,0,1,0.5689,0.29795,600.646
1454,400,22,22,58,29,31,0,0,1,0.5686,0.30573,600.312
1455,400,28,28,87,35,24,0,0,1,0.5683,0.29576,595.784
1456,400,22,22,62,32,31,0,0,1,0.568,0.29048,547.563
1457,363,21,21,64,31,27,1,1,0,0.5677,0.30015,521.738
1458,400,24,24,72,34,42,0,0,1,0.5675,0.30423,540.669
1459,400,17,17,60,36,24,0,0,1,0.5672,0.27575,551.426
1460,400,34,34,82,31,32,0,0,1,0.5669,0.31112,608.728
1461,52,3,3,11,6,5,1,1,0,0.5666,0.51375,35.118
1462,400,30,30,72,29,43,0,0,1,0.5663,0.28043,614.898
1463,400,22,22,51,28,32,0,0,1,0.566,0.27207,539.743
1464,400,27,27,70,28,32,0,0,1,0.5657,0.26203,611.756
1465,328,20,20,53,25,36,1,1,0,0.5654,0.28703,418.721
1466,294,21,21,59,26,23,1,1,0,0.5651,0.30516,372.93
1467,400,31,31,76,26,27,0,0,1,0.5648,0.27491,623.609
1468,400,27,27,66,34,38,0,0,1,0.5645,0.29225,556.148
1469,400,23,23,58,31,36,0,0,1,0.5642,0.29434,555.195
1470,400,23,23,60,32,31,0,0,1,0.5639,0.28634,587.301
1471,325,21,21,53,25,24,1,1,0,0.5636,0.3285,478.053
1472,400,21,21,66,33,28,0,0,1,0.5633,0.27713,553.618
1473,400,26,26,63,30,29,0,0,1,0.563,0.29848,595.995
1474,400,25,25,65,29,37,0,0,1,0.5627,0.27328,616.775
1475,282,21,21,55,22,32,1,1,0,0.5624,0.35573,409.195
1476,143,6,6,18,15,15,1,1,0,0.5621,0.3608,161.78
1477,400,22,22,66,30,31,0,0,1,0.5618,0.30014,620.922
1478,69,5,5,11,7,6,1,1,0,0.5615,0.41899,58.832
1479,249,18,18,56,21,25,1,1,0,0.5612,0.33223,357.314
1480,400,24,24,57,33,36,0,0,1,0.5609,0.2975,566.842
1481,400,26,26,64,29,26,0,0,1,0.5606,0.27259,647.627
1482,33,1,1,5,3,7,1,1,0,0.5603,0.66582,-1.689
1483,400,29,29,74,31,39,0,0,1,0.56,0.28531,591.134
1484,400,30,30,82,37,40,0,0,1,0.5597,0.29056,598.742
1485,400,33,33,73,28,29,0,0,1,0.5594,0.27341,636.78
1486,400,35,35,81,32,37,0,0,1,0.5591,0.29617,651.561
1487,400,28,28,68,30,32,0,0,1,0.5588,0.25639,634.504
1488,400,25,25,74,34,29,0,0,1,0.5585,0.29917,596.17
1489,400,26,26,65,29,29,0,0,1,0.5583,0.28841,646.215
1490,400,28,28,63,31,38,0,0,1,0.558,0.3262,649.073
1491,84,5,5,24,10,9,1,1,0,0.5577,0.44007,123.37
1492,400,23,23,71,35,30,0,0,1,0.5574,0.29154,639.292
1493,400,18,18,52,29,36,0,0,1,0.5571,0.25742,620.905
1494,400,22,22,72,35,30,0,0,1,0.5568,0.2872,594.514
1495,400,27,27,55,29,25,0,0,1,0.5565,0.30675,629.74
1496,400,33,33,78,28,34,0,0,1,0.5562,0.30843,637.655
1497,400,28,28,82,36,28,0,0,1,0.5559,0.26363,680.685
1498,400,17,17,58,32,39,0,0,1,0.5556,0.27473,573.271
1499,400,31,31,72,35,27,0,0,1,0.5553,0.27436,622.493
1500,400,30,30,65,33,36,0,0,1,0.555,0.28322,610.112
1501,400,24,24,72,30,25,0,0,1,0.5547,0.28153,635.169
1502,400,31,31,81,31,31,0,0,1,0.5544,0.31884,670.766
1503,400,21,21,68,35,27,0,0,1,0.5541,0.2911,605.679
1504,400,25,25,65,36,27,0,0,1,0.5538,0.29585,608.683
1505,70,4,4,11,7,6,1,1,0,0.5535,0.4268,89.143
1506,400,25,25,60,32,38,0,0,1,0.5532,0.30337,530.506
1507,283,11,11,39,23,28,1,1,0,0.5529,0.34446,379.772
1508,400,26,26,70,31,36,0,0,1,0.5526,0.28092,630.749
1509,400,27,27,70,30,33,0,0,1,0.5523,0.26554,593.081
1510,400,37,37,91,33,28,0,0,1,0.552,0.24931,660.388
1511,400,28,28,72,32,32,0,0,1,0.5517,0.28057,647.312
1512,400,29,29,70,29,27,0,0,1,0.5514,0.28628,617.525
1513,400,32,32,83,35,33,0,0,1,0.5511,0.29012,607.271
1514,400,29,29,81,26,30,0,0,1,0.5508,0.27346,648.984
1515,113,7,7,19,10,13,1,1,0,0.5505,0.37653,114.485
1516,400,30,30,67,32,30,0,0,1,0.5502,0.30858,661.006
1517,313,21,21,65,28,25,1,1,0,0.5499,0.37537,460.091
1518,400,24,24,59,33,32,0,0,1,0.5496,0.3191,624.623
1519,400,30,30,87,36,27,0,0,1,0.5493,0.33471,664.437
1520,142,7,7,40,13,11,1,1,0,0.549,0.3543,184.122
1521,400,34,34,82,28,21,0,0,1,0.5488,0.30528,665.511
1522,400,22,22,73,31,30,0,0,1,0.5485,0.28018,679.769
1523,400,33,33,77,32,26,0,0,1,0.5482,0.30348,698.062
1524,95,5,5,21,10,11,1,1,0,0.5479,0.40415,132.841
1525,400,26,26,65,35,41,0,0,1,0.5476,0.29454,653.731
1526,400,27,27,74,32,25,0,0,1,0.5473,0.27184,669.701
1527,400,25,25,64,30,23,0,0,1,0.547,0.27844,677.907
1528,400,25,25,65,31,32,0,0,1,0.5467,0.28726,644.556
1529,400,27,27,81,34,25,0,0,1,0.5464,0.29553,703.568
1530,400,30,30,70,29,38,0,0,1,0.5461,0.29809,659.958
1531,400,23,23,58,29,23,0,0,1,0.5458,0.23814,655.534
1532,400,33,33,78,32,34,0,0,1,0.5455,0.30034,668.255
1533,400,31,31,75,28,25,0,0,1,0.5452,0.27729,717.074
1534,400,27,27,69,32,25,0,0,1,0.5449,0.26827,667.471
1535,159,8,8,36,13,9,1,1,0,0.5446,0.35266,232.102
1536,61,4,4,10,5,6,1,1,0,0.5443,0.44265,77.665
1537,400,31,31,73,30,24,0,0,1,0.544,0.27802,685.88
1538,400,30,30,86,33,24,0,0,1,0.5437,0.30351,701.185
1539,400,32,32,86,30,29,0,0,1,0.5434,0.31804,611.361
1540,400,23,23,63,34,38,0,0,1,0.5431,0.30469,641.548
1541,400,25,25,74,34,21,0,0,1,0.5428,0.30286,615.129
1542,400,28,28,65,31,31,0,0,1,0.5425,0.28463,629.654
1543,400,24,24,70,31,29,0,0,1,0.5422,0.27586,633.86
1544,400,28,28,71,30,29,0,0,1,0.5419,0.28523,696.461
1545,400,28,28,76,30,37,0,0,1,0.5416,0.26732,672.993
1546,400,25,25,63,33,28,0,0,1,0.5413,0.29998,673.656
1547,379,26,26,61,28,40,1,1,0,0.541,0.31181,576.158
1548,400,26,26,76,31,30,0,0,1,0.5407,0.2942,636.161
1549,115,7,7,21,8,14,1,1,0,0.5404,0.42879,140.599
1550,400,24,24,69,35,26,0,0,1,0.5401,0.28898,605.496
1551,400,26,26,60,30,42,0,0,1,0.5398,0.27809,657.595
1552,122,10,10,18,11,8,1,1,0,0.5395,0.38843,144.044
1553,68,4,4,12,6,10,1,1,0,0.5393,0.48168,50.921
1554,400,35,35,79,30,31,0,0,1,0.539,0.29122,664.682
1555,400,21,21,60,31,23,0,0,1,0.5387,0.24106,613.101
1556,81,6,6,22,7,6,1,1,0,0.5384,0.38883,103.137
1557,400,29,29,75,27,40,0,0,1,0.5381,0.27218,623.32
1558,400,26,26,69,35,29,0,0,1,0.5378,0.2955,651.422
1559,400,28,28,66,28,35,0,0,1,0.5375,0.26603,654.328
1560,400,28,28,66,30,29,0,0,1,0.5372,0.28731,709.345
1561,400,31,31,79,28,38,0,0,1,0.5369,0.27155,647.189
1562,400,21,21,60,32,40,0,0,1,0.5366,0.26823,630.666
1563,400,29,29,71,27,37,0,0,1,0.5363,0.25899,646.722
1564,400,26,26,75,34,36,0,0,1,0.536,0.27119,654.41
1565,400,25,25,65,33,23,0,0,1,0.5357,0.26413,653.688
1566,400,28,28,75,29,26,0,0,1,0.5354,0.24294,650.872
1567,98,8,8,26,9,11,1,1,0,0.5351,0.39922,116.56
1568,400,29,29,63,27,30,0,0,1,0.5348,0.24997,656.232
1569,400,26,26,67,32,34,0,0,1,0.5345,0.28407,682.538
1570,400,31,31,74,30,23,0,0,1,0.5342,0.30893,752.11
1571,400,29,29,78,32,37,0,0,1,0.5339,0.28488,649.429
1572,400,23,23,48,33,28,0,0,1,0.5336,0.29533,661.978
1573,400,29,29,80,32,32,0,0,1,0.5333,0.27391,671.4
1574,400,22,22,55,28,25,0,0,1,0.533,0.27058,679.016
1575,400,19,19,70,30,30,0,0,1,0.5327,0.27904,645.434
1576,25,0,0,7,3,5,1,1,0,0.5324,0.72694,-8.053
1577,400,26,26,76,30,34,0,0,1,0.5321,0.26329,667.411
1578,147,12,12,30,13,13,1,1,0,0.5318,0.41173,220.219
1579,400,23,23,61,31,36,0,0,1,0.5315,0.26391,664.216
1580,400,22,22,65,31,31,0,0,1,0.5312,0.25861,698.814
1581,400,30,30,79,33,36,0,0,1,0.5309,0.27523,712.963
1582,400,22,22,71,31,32,0,0,1,0.5306,0.26928,663.242
1583,400,33,33,82,35,27,0,0,1,0.5303,0.29176,744.739
1584,400,32,32,78,32,32,0,0,1,0.53,0.29768,742.881
1585,400,27,27,84,34,27,0,0,1,0.5297,0.29083,686.015
1586,400,31,31,71,37,32,0,0,1,0.5295,0.32056,749.685
1587,400,27,27,72,35,30,0,0,1,0.5292,0.30595,766.974
1588,400,34,34,94,37,32,0,0,1,0.5289,0.29987,724.395
1589,400,34,34,77,32,21,0,0,1,0.5286,0.27894,750.752
1590,400,23,23,62,33,33,0,0,1,0.5283,0.25161,624.793
1591,120,8,8,22,13,6,1,1,0,0.528,0.35901,184.63
1592,400,24,24,73,31,38,0,0,1,0.5277,0.26004,651.706
1593,400,23,23,55,33,30,0,0,1,0.5274,0.27237,672.114
1594,400,27,27,78,36,27,0,0,1,0.5271,0.26838,653.378
1595,400,36,36,84,31,22,0,0,1,0.5268,0.29406,754.862
1596,400,23,23,62,26,29,0,0,1,0.5265,0.24079,643.845
1597,189,11,11,28,16,24,1,1,0,0.5262,0.35382,287.097
1598,206,16,16,40,16,20,1,1,0,0.5259,0.32905,314.546
1599,400,26,26,72,28,35,0,0,1,0.5256,0.2764,685.831
1600,400,21,21,58,31,16,0,0,1,0.5253,0.25667,690.072
1601,400,23,23,59,28,29,0,0,1,0.525,0.26931,657.825
1602,400,30,30,76,30,33,0,0,1,0.5247,0.27803,715.144
1603,271,17,17,56,21,20,1,1,0,0.5244,0.31324,466.627
1604,400,31,31,75,29,34,0,0,1,0.5241,0.26421,677.917
1605,264,19,19,56,21,18,1,1,0,0.5238,0.32097,421.97
1606,51,3,3,9,5,9,1,1,0,0.5235,0.62338,40.021
1607,400,24,24,59,29,26,0,0,1,0.5232,0.22746,655.384
1608,400,30,30,91,31,30,0,0,1,0.5229,0.26192,691.602
1609,400,24,24,74,34,25,0,0,1,0.5226,0.25415,668.689
1610,44,2,2,14,4,3,1,1,0,0.5223,0.50278,45.751
1611,45,3,3,6,5,7,1,1,0,0.522,0.48643,27.24
1612,400,30,30,67,28,27,0,0,1,0.5217,0.25135,646.172
1613,44,2,2,11,5,0,1,1,0,0.5214,0.43557,33.27
1614,195,12,12,36,17,14,1,1,0,0.5211,0.32626,292.381
1615,400,24,24,69,35,28,0,0,1,0.5208,0.27786,664.392
1616,84,3,3,17,8,6,1,1,0,0.5205,0.3662,96.617
1617,400,23,23,48,28,28,0,0,1,0.5203,0.25967,625.548
1618,400,40,40,78,32,25,0,0,1,0.52,0.27473,737.428
1619,400,26,26,64,34,25,0,0,1,0.5197,0.27853,703.557
1620,400,33,33,86,30,34,0,0,1,0.5194,0.27267,689.639
1621,400,32,32,73,31,32,0,0,1,0.5191,0.25584,694.973
1622,400,25,25,64,33,26,0,0,1,0.5188,0.28749,691.107
1623,400,29,29,73,32,26,0,0,1,0.5185,0.26824,669.707
1624,400,24,24,71,34,27,0,0,1,0.5182,0.26067,677.85
1625,400,29,29,70,31,27,0,0,1,0.5179,0.29879,666.254
1626,400,26,26,73,30,31,0,0,1,0.5176,0.30963,648.661
1627,157,10,10,32,12,14,1,1,0,0.5173,0.36602,220.289
1628,400,24,24,57,31,22,0,0,1,0.517,0.26261,695.102
1629,400,19,19,60,31,35,0,0,1,0.5167,0.29071,650.485
1630,400,26,26,69,28,30,0,0,1,0.5164,0.268,706.669
1631,400,22,22,58,31,33,0,0,1,0.5161,0.26498,662.777
1632,400,29,29,88,29,30,0,0,1,0.5158,0.29346,722.085
1633,400,23,23,58,31,30,0,0,1,0.5155,0.30492,710.889
1634,400,37,37,82,32,42,0,0,1,0.5152,0.29908,725.125
1635,400,37,37,89,32,23,0,0,1,0.5149,0.26596,788.97
1636,400,28,28,75,32,24,0,0,1,0.5146,0.27382,709.418
1637,400,39,39,89,28,24,0,0,1,0.5143,0.29426,804.114
1638,222,16,16,50,18,19,1,1,0,0.514,0.32229,366.365
1639,400,30,30,87,34,26,0,0,1,0.5137,0.30791,723.304
1640,400,29,29,59,30,32,0,0,1,0.5134,0.29322,737.62
1641,131,13,13,35,11,13,1,1,0,0.5131,0.38018,204.67
1642,400,26,26,72,31,33,0,0,1,0.5128,0.26743,717.939
1643,400,26,26,67,35,33,0,0,1,0.5125,0.28436,750.046
1644,400,31,31,73,32,22,0,0,1,0.5122,0.28862,790.04
1645,218,14,14,34,19,14,1,1,0,0.5119,0.31074,354.115
1646,357,18,18,56,29,26,1,1,0,0.5116,0.31336,571.266
1647,400,32,32,92,33,29,0,0,1,0.5113,0.26127,723.737
1648,281,22,22,55,19,17,1,1,0,0.511,0.30749,507.86
1649,400,33,33,78,29,21,0,0,1,0.5108,0.23761,713.866
1650,82,9,9,19,7,6,1,1,0,0.5105,0.40948,116.516
1651,400,26,26,75,31,35,0,0,1,0.5102,0.28571,684.631
1652,400,25,25,59,31,32,0,0,1,0.5099,0.28729,706.617
1653,31,1,1,9,3,3,1,1,0,0.5096,0.65375,5.191
1654,400,32,32,74,28,33,0,0,1,0.5093,0.27776,746.765
1655,400,32,32,77,31,27,0,0,1,0.509,0.26658,762.017
1656,400,27,27,75,30,37,0,0,1,0.5087,0.27646,717.626
1657,400,30,30,89,30,18,0,0,1,0.5084,0.26788,760.478
1658,400,27,27,75,33,35,0,0,1,0.5081,0.25714,730.567
1659,197,17,17,46,17,14,1,1,0,0.5078,0.34139,335.246
1660,400,31,31,81,27,24,0,0,1,0.5075,0.25995,757.039
1661,400,37,37,96,34,24,0,0,1,0.5072,0.30144,754.5
1662,400,27,27,68,29,33,0,0,1,0.5069,0.30072,755.691
1663,211,14,14,49,15,13,1,1,0,0.5066,0.32161,362.714
1664,400,33,33,81,33,25,0,0,1,0.5063,0.291,751.88
1665,400,29,29,75,32,26,0,0,1,0.506,0.29841,731.674
1666,400,31,31,86,30,17,0,0,1,0.5057,0.29103,756.531
1667,400,31,31,85,30,32,0,0,1,0.5054,0.2997,758.974
1668,400,23,23,62,26,28,0,0,1,0.5051,0.3038,761.95
1669,47,3,3,8,5,4,1,1,0,0.5048,0.53949,42.484
1670,400,25,25,75,33,30,0,0,1,0.5045,0.26267,779.548
1671,400,32,32,67,28,24,0,0,1,0.5042,0.26786,753.188
1672,17,2,2,5,2,4,1,1,0,0.5039,1.03775,-16.798
1673,400,30,30,60,28,27,0,0,1,0.5036,0.27952,737.466
1674,400,20,20,51,33,23,0,0,1,0.5033,0.26754,700.605
1675,400,25,25,78,32,23,0,0,1,0.503,0.28476,740.723
1676,400,32,32,75,27,32,0,0,1,0.5027,0.28991,744.687
1677,190,14,14,38,18,11,1,1,0,0.5024,0.37354,347.237
1678,400,32,32,85,33,36,0,0,1,0.5021,0.27715,781.966
1679,400,20,20,61,30,24,0,0,1,0.5018,0.25061,726.254
1680,400,32,32,78,34,30,0,0,1,0.5015,0.30436,732.582
1681,400,32,32,78,31,27,0,0,1,0.5012,0.28219,773.027
1682,400,29,29,67,32,28,0,0,1,0.501,0.26185,731.349
1683,400,27,27,72,29,17,0,0,1,0.5007,0.2715,770.578
1684,400,25,25,69,27,31,0,0,1,0.5004,0.2565,750.47
1685,400,27,27,81,33,35,0,0,1,0.5001,0.30245,727.188
1686,400,31,31,85,29,27,0,0,1,0.4998,0.28461,744.956
1687,400,27,27,71,31,30,0,0,1,0.4995,0.24613,715.15
1688,400,26,26,69,32,24,0,0,1,0.4992,0.25919,760.89
1689,400,22,22,52,34,31,0,0,1,0.4989,0.25971,708.158
1690,400,27,27,69,31,19,0,0,1,0.4986,0.26851,733.614
1691,400,24,24,72,39,25,0,0,1,0.4983,0.3031,759.716
1692,400,27,27,76,36,23,0,0,1,0.498,0.32904,802.239
1693,400,33,33,83,31,30,0,0,1,0.4977,0.28565,779.919
1694,81,9,9,21,8,6,1,1,0,0.4974,0.48578,114.443
1695,400,26,26,72,30,18,0,0,1,0.4971,0.26669,768.962
1696,400,31,31,73,29,23,0,0,1,0.4968,0.25944,747.597
1697,400,31,31,79,33,25,0,0,1,0.4965,0.29122,828.001
1698,400,27,27,75,35,24,0,0,1,0.4962,0.3088,772.542
1699,400,29,29,63,30,29,0,0,1,0.4959,0.27225,711.63
1700,400,30,30,69,36,18,0,0,1,0.4956,0.26392,772.152
1701,159,9,9,36,17,5,1,1,0,0.4953,0.33428,254.162
1702,400,26,26,80,36,21,0,0,1,0.495,0.27651,718.064
1703,400,29,29,76,31,31,0,0,1,0.4947,0.33843,801.686
1704,400,26,26,74,34,31,0,0,1,0.4944,0.32446,736.524
1705,400,19,19,55,34,27,0,0,1,0.4941,0.28812,731.366
1706,400,30,30,74,28,32,0,0,1,0.4938,0.29847,765.225
1707,20,0,0,10,3,1,1,1,0,0.4935,0.88791,-2.211
1708,400,34,34,79,34,22,0,0,1,0.4932,0.2605,805.294
1709,400,23,23,67,29,24,0,0,1,0.4929,0.26089,802.033
1710,68,4,4,21,9,5,1,1,0,0.4926,0.39066,97.115
1711,400,30,30,75,35,27,0,0,1,0.4923,0.27669,766.508
1712,400,29,29,61,32,28,0,0,1,0.492,0.26889,750.389
1713,400,36,36,80,31,25,0,0,1,0.4918,0.27895,794.121
1714,400,27,27,68,34,26,0,0,1,0.4915,0.29886,759.407
1715,400,36,36,88,33,22,0,0,1,0.4912,0.27396,812.817
1716,400,29,29,81,36,29,0,0,1,0.4909,0.30607,750.169
1717,400,27,27,84,38,20,0,0,1,0.4906,0.28737,795.864
1718,400,36,36,95,33,32,0,0,1,0.4903,0.32152,811.521
1719,400,33,33,79,34,19,0,0,1,0.49,0.30361,852.879
1720,400,34,34,81,30,25,0,0,1,0.4897,0.28259,793.594
1721,400,30,30,72,31,21,0,0,1,0.4894,0.28006,770.818
1722,400,35,35,81,32,25,0,0,1,0.4891,0.30408,822.078
1723,400,25,25,73,35,23,0,0,1,0.4888,0.28433,765.303
1724,85,3,3,15,8,7,1,1,0,0.4885,0.38227,86.95
1725,400,35,35,77,32,18,0,0,1,0.4882,0.28032,799.781
1726,184,13,13,44,16,13,1,1,0,0.4879,0.32802,307.753
1727,400,30,30,78,35,21,0,0,1,0.4876,0.28008,741.475
1728,400,26,26,69,33,17,0,0,1,0.4873,0.2766,828.798
1729,400,28,28,82,36,27,0,0,1,0.487,0.27287,752.722
1730,400,30,30,67,32,26,0,0,1,0.4867,0.259,795.736
1731,400,31,31,73,33,26,0,0,1,0.4864,0.28872,762.84
1732,138,8,8,31,12,5,1,1,0,0.4861,0.29978,220.529
1733,400,31,31,79,35,37,0,0,1,0.4858,0.31143,793.843
1734,400,24,24,63,36,32,0,0,1,0.4855,0.25047,779.186
1735,400,30,30,80,35,32,0,0,1,0.4852,0.3218,760.891
1736,383,28,28,48,30,25,1,1,0,0.4849,0.28953,697.304
1737,400,29,29,81,33,27,0,0,1,0.4846,0.27214,785.43
1738,193,18,18,38,15,18,1,1,0,0.4843,0.34475,346.548
1739,400,33,33,87,35,39,0,0,1,0.484,0.27885,782.069
1740,400,25,25,75,35,26,0,0,1,0.4837,0.28307,728.819
1741,400,30,30,80,34,25,0,0,1,0.4834,0.30376,827.31
1742,400,24,24,70,33,24,0,0,1,0.4831,0.28534,809.601
1743,400,22,22,57,32,30,0,0,1,0.4828,0.28781,772.275
1744,351,22,22,54,27,36,1,1,0,0.4825,0.27733,628.173
1745,400,24,24,69,31,26,0,0,1,0.4822,0.27507,789.834
1746,400,23,23,52,33,26,0,0,1,0.482,0.25692,711.417
1747,400,26,26,58,33,23,0,0,1,0.4817,0.28246,769.594
1748,400,33,33,81,35,25,0,0,1,0.4814,0.29765,810.778
1749,146,13,13,31,13,7,1,1,0,0.4811,0.34083,292.994
1750,400,31,31,64,28,31,0,0,1,0.4808,0.28257,800.216
1751,400,26,26,69,31,27,0,0,1,0.4805,0.26707,785.067
1752,177,12,12,36,16,7,1,1,0,0.4802,0.39498,306.213
1753,400,31,31,78,32,29,0,0,1,0.4799,0.25027,781.111
1754,400,23,23,60,35,18,0,0,1,0.4796,0.29991,736.695
1755,400,32,32,82,35,23,0,0,1,0.4793,0.26948,797.295
1756,298,26,26,73,25,22,1,1,0,0.479,0.3114,574.867
1757,400,22,22,58,35,23,0,0,1,0.4787,0.2896,791.555
1758,400,22,22,61,33,32,0,0,1,0.4784,0.25209,761.224
1759,260,24,24,56,22,24,1,1,0,0.4781,0.36264,509.796
1760,227,19,19,50,16,17,1,1,0,0.4778,0.30737,410.747
1761,400,24,24,69,31,28,0,0,1,0.4775,0.28716,758.184
1762,400,35,35,80,32,30,0,0,1,0.4772,0.29466,834.232
1763,38,3,3,13,5,5,1,1,0,0.4769,0.68853,47.164
1764,400,23,23,58,32,17,0,0,1,0.4766,0.27545,808.364
1765,21,0,0,6,3,2,1,1,0,0.4763,0.78551,-7.903
1766,225,14,14,50,22,19,1,1,0,0.476,0.34795,398.37
1767,400,34,34,90,31,26,0,0,1,0.4757,0.273,826.242
1768,400,29,29,77,32,22,0,0,1,0.4754,0.30958,803.638
1769,400,28,28,75,36,26,0,0,1,0.4751,0.28517,746.022
1770,400,25,25,72,31,26,0,0,1,0.4748,0.26038,749.886
1771,400,34,34,76,32,35,0,0,1,0.4745,0.28302,788.139
1772,400,28,28,65,33,29,0,0,1,0.4742,0.29261,790.622
1773,400,22,22,62,35,24,0,0,1,0.4739,0.27288,731.189
1774,400,35,35,72,28,28,0,0,1,0.4736,0.25783,821.74
1775,400,26,26,86,33,25,0,0,1,0.4733,0.25458,766.016
1776,400,24,24,73,31,28,0,0,1,0.473,0.23514,741.011
1777,400,30,30,70,37,25,0,0,1,0.4728,0.28856,797.245
1778,400,32,32,84,29,18,0,0,1,0.4725,0.25376,851.908
1779,400,32,32,86,33,28,0,0,1,0.4722,0.28003,826.015
1780,400,28,28,60,34,22,0,0,1,0.4719,0.28635,800.171
1781,400,15,15,44,33,30,0,0,1,0.4716,0.2618,715.6
1782,400,25,25,69,32,33,0,0,1,0.4713,0.27872,793.452
1783,400,27,27,63,34,34,0,0,1,0.471,0.27167,727.529
1784,62,5,5,15,5,7,1,1,0,0.4707,0.47661,65.926
1785,400,35,35,82,32,23,0,0,1,0.4704,0.28492,836.451
1786,400,33,33,80,27,31,0,0,1,0.4701,0.26907,809.147
1787,400,30,30,86,30,25,0,0,1,0.4698,0.25489,802.174
1788,400,31,31,88,30,26,0,0,1,0.4695,0.26014,803.479
1789,400,32,32,75,33,27,0,0,1,0.4692,0.23741,784.786
1790,400,30,30,71,35,31,0,0,1,0.4689,0.27152,773.484
1791,400,35,35,83,36,27,0,0,1,0.4686,0.28344,824.131
1792,400,23,23,75,34,27,0,0,1,0.4683,0.27417,748.921
1793,400,28,28,68,29,25,0,0,1,0.468,0.25906,772.907
1794,400,25,25,63,31,34,0,0,1,0.4677,0.2734,747.545
1795,400,27,27,71,33,33,0,0,1,0.4674,0.2465,740.285
1796,400,22,22,65,37,25,0,0,1,0.4671,0.2531,744.038
1797,400,28,28,78,34,23,0,0,1,0.4668,0.24631,758.08
1798,400,37,37,105,34,27,0,0,1,0.4665,0.29636,801.37
1799,400,27,27,65,30,21,0,0,1,0.4662,0.28649,812.794
1800,218,16,16,48,18,15,1,1,0,0.4659,0.33052,404.481
1801,400,35,35,83,34,20,0,0,1,0.4656,0.27202,817.774
1802,400,27,27,66,30,23,0,0,1,0.4653,0.24533,820.716
1803,400,28,28,63,33,21,0,0,1,0.465,0.24765,800.991
1804,400,36,36,82,37,19,0,0,1,0.4647,0.28536,841.302
1805,400,32,32,80,31,30,0,0,1,0.4644,0.27105,799.772
1806,400,22,22,51,35,21,0,0,1,0.4641,0.24233,746.496
1807,400,27,27,72,35,31,0,0,1,0.4638,0.29277,766.936
1808,400,28,28,77,35,21,0,0,1,0.4635,0.25623,791.528
1809,400,29,29,65,33,26,0,0,1,0.4633,0.27552,809.716
1810,400,31,31,78,34,20,0,0,1,0.463,0.24575,792.328
1811,400,30,30,76,34,22,0,0,1,0.4627,0.28345,775.876
1812,400,24,24,60,34,32,0,0,1,0.4624,0.24959,740.365
1813,400,26,26,52,35,27,0,0,1,0.4621,0.28744,770.61
1814,400,26,26,71,27,24,0,0,1,0.4618,0.24847,825.276
1815,400,30,30,76,31,30,0,0,1,0.4615,0.29442,807.504
1816,400,40,40,88,28,27,0,0,1,0.4612,0.26388,858.176
1817,400,28,28,71,32,29,0,0,1,0.4609,0.24937,832.75
1818,400,30,30,80,34,24,0,0,1,0.4606,0.26243,774.314
1819,400,21,21,67,37,24,0,0,1,0.4603,0.25587,761.417
1820,400,29,29,80,29,24,0,0,1,0.46,0.21895,797.149
1821,400,33,33,68,29,26,0,0,1,0.4597,0.24818,814.075
1822,112,6,6,25,10,10,1,1,0,0.4594,0.34551,165.256
1823,400,25,25,61,32,24,0,0,1,0.4591,0.26973,785.489
1824,400,27,27,62,35,27,0,0,1,0.4588,0.25334,777.716
1825,400,34,34,76,32,30,0,0,1,0.4585,0.27055,802.698
1826,400,32,32,87,35,35,0,0,1,0.4582,0.28456,770.459
1827,400,33,33,66,31,25,0,0,1,0.4579,0.25163,804.127
1828,400,29,29,75,31,20,0,0,1,0.4576,0.27192,865.056
1829,74,4,4,18,6,8,1,1,0,0.4573,0.41957,114.894
1830,400,29,29,84,37,26,0,0,1,0.457,0.27248,799.844
1831,400,32,32,74,32,22,0,0,1,0.4567,0.26419,834.669
1832,400,29,29,61,33,27,0,0,1,0.4564,0.25902,792.798
1833,400,34,34,79,31,28,0,0,1,0.4561,0.26764,873.2
1834,400,28,28,81,33,26,0,0,1,0.4558,0.26303,815.454
1835,76,2,2,15,8,6,1,1,0,0.4555,0.4288,102.756
1836,400,29,29,64,36,21,0,0,1,0.4552,0.27286,782.17
1837,400,32,32,62,32,28,0,0,1,0.4549,0.28043,813.15
1838,400,27,27,74,36,31,0,0,1,0.4546,0.26674,751.865
1839,400,26,26,71,31,24,0,0,1,0.4543,0.25057,792.275
1840,400,29,29,66,35,27,0,0,1,0.454,0.27167,794.119
1841,400,24,24,55,38,14,0,0,1,0.4538,0.27481,757.367
1842,400,24,24,61,31,19,0,0,1,0.4535,0.24542,778.869
1843,65,7,7,19,6,11,1,1,0,0.4532,0.50079,74.887
1844,400,29,29,76,34,23,0,0,1,0.4529,0.26536,808.176
1845,400,35,35,78,29,25,0,0,1,0.4526,0.2827,852.158
1846,400,30,30,72,33,29,0,0,1,0.4523,0.25119,814.866
1847,400,24,24,77,31,21,0,0,1,0.452,0.24863,801.75
1848,320,23,23,57,29,27,1,1,0,0.4517,0.32199,590.308
1849,400,29,29,70,26,23,0,0,1,0.4514,0.25292,842.303
1850,400,34,34,79,29,26,0,0,1,0.4511,0.23813,833.205
1851,400,24,24,72,30,17,0,0,1,0.4508,0.23298,829.382
1852,400,33,33,79,30,32,0,0,1,0.4505,0.24889,836.706
1853,400,29,29,82,34,27,0,0,1,0.4502,0.27364,828.522
1854,400,30,30,75,31,27,0,0,1,0.4499,0.23519,802.15
1855,400,28,28,74,32,22,0,0,1,0.4496,0.24111,799.395
1856,400,23,23,67,33,30,0,0,1,0.4493,0.28412,816.161
1857,400,31,31,77,32,20,0,0,1,0.449,0.25125,869.638
1858,374,26,26,59,35,20,1,1,0,0.4487,0.31381,718.127
1859,400,29,29,69,35,24,0,0,1,0.4484,0.2846,805.755
1860,400,29,29,80,35,27,0,0,1,0.4481,0.27538,797.255
1861,400,33,33,81,30,28,0,0,1,0.4478,0.25448,814.256
1862,400,26,26,77,32,23,0,0,1,0.4475,0.2586,821.12
1863,400,29,29,72,33,30,0,0,1,0.4472,0.24509,820.464
1864,400,30,30,77,30,22,0,0,1,0.4469,0.24906,824.688
1865,400,34,34,82,30,29,0,0,1,0.4466,0.25531,836.417
1866,400,30,30,73,30,28,0,0,1,0.4463,0.24042,800.697
1867,400,34,34,84,35,33,0,0,1,0.446,0.29241,845.207
1868,400,34,34,95,31,33,0,0,1,0.4457,0.31411,890.565
1869,400,30,30,62,33,30,0,0,1,0.4454,0.25254,803.785
1870,147,16,16,35,13,9,1,1,0,0.4451,0.305,301.053
1871,400,30,30,76,36,24,0,0,1,0.4448,0.29535,870.082
1872,400,32,32,80,35,28,0,0,1,0.4445,0.27855,836.435
1873,400,35,35,88,33,24,0,0,1,0.4443,0.26966,861.348
1874,400,32,32,74,32,28,0,0,1,0.444,0.29979,825.103
1875,400,26,26,68,32,26,0,0,1,0.4437,0.25867,784.584
1876,400,27,27,68,30,20,0,0,1,0.4434,0.26908,830.033
1877,400,29,29,66,30,19,0,0,1,0.4431,0.25162,823.546
1878,400,36,36,91,32,35,0,0,1,0.4428,0.29795,860.553
1879,400,32,32,83,33,25,0,0,1,0.4425,0.26216,860.429
1880,400,35,35,93,35,24,0,0,1,0.4422,0.26071,846.119
1881,400,29,29,76,29,17,0,0,1,0.4419,0.24326,823.968
1882,400,33,33,79,34,12,0,0,1,0.4416,0.2489,846.046
1883,400,35,35,78,31,15,0,0,1,0.4413,0.25903,887.092
1884,400,30,30,77,33,28,0,0,1,0.441,0.27516,819.738
1885,400,24,24,67,30,19,0,0,1,0.4407,0.2943,887.107
1886,400,33,33,79,36,25,0,0,1,0.4404,0.28113,862.68
1887,184,13,13,44,18,12,1,1,0,0.4401,0.35443,370.302
1888,400,26,26,75,36,29,0,0,1,0.4398,0.26795,827.948
1889,400,35,35,75,25,23,0,0,1,0.4395,0.25465,874.562
1890,400,33,33,80,31,24,0,0,1,0.4392,0.2459,858.595
1891,400,34,34,81,32,24,0,0,1,0.4389,0.25385,863.069
1892,400,28,28,71,32,29,0,0,1,0.4386,0.26703,872.201
1893,400,36,36,82,35,30,0,0,1,0.4383,0.28923,839.438
1894,400,28,28,69,30,22,0,0,1,0.438,0.26661,875.697
1895,400,22,22,67,32,24,0,0,1,0.4377,0.25487,851.079
1896,400,27,27,60,29,40,0,0,1,0.4374,0.26796,789.044
1897,400,29,29,82,28,28,0,0,1,0.4371,0.24622,849.637
1898,400,25,25,62,30,26,0,0,1,0.4368,0.23503,806.456
1899,400,30,30,66,31,24,0,0,1,0.4365,0.25093,803.737
1900,400,32,32,77,32,23,0,0,1,0.4362,0.26856,851.104
1901,400,27,27,77,31,26,0,0,1,0.4359,0.26769,791.771
1902,400,25,25,63,32,28,0,0,1,0.4356,0.24787,772.592
1903,400,20,20,64,37,28,0,0,1,0.4353,0.26578,754.195
1904,122,12,12,23,10,9,1,1,0,0.435,0.37841,227.58
1905,400,32,32,86,33,30,0,0,1,0.4348,0.28911,853.134
1906,400,29,29,70,33,31,0,0,1,0.4345,0.25957,809.847
1907,400,29,29,76,36,31,0,0,1,0.4342,0.27842,806.408
1908,400,30,30,84,36,34,0,0,1,0.4339,0.2627,789.294
1909,81,6,6,14,8,8,1,1,0,0.4336,0.42968,113.195
1910,400,33,33,83,34,24,0,0,1,0.4333,0.25049,821.948
1911,400,30,30,83,32,35,0,0,1,0.433,0.28226,857.433
1912,166,16,16,50,15,16,1,1,0,0.4327,0.33926,313.968
1913,400,40,40,95,32,17,0,0,1,0.4324,0.2517,901.11
1914,400,25,25,65,31,27,0,0,1,0.4321,0.27076,801.341
1915,400,37,37,94,35,22,0,0,1,0.4318,0.2815,873.738
1916,400,27,27,77,32,22,0,0,1,0.4315,0.23568,784.158
1917,400,30,30,71,32,20,0,0,1,0.4312,0.22778,853.039
1918,400,26,26,70,32,31,0,0,1,0.4309,0.26301,812.892
1919,212,13,13,34,17,14,1,1,0,0.4306,0.30568,385.766
1920,400,31,31,70,32,28,0,0,1,0.4303,0.24047,835.033
1921,400,27,27,72,33,27,0,0,1,0.43,0.26678,892.022
1922,400,36,36,77,30,26,0,0,1,0.4297,0.25107,871.908
1923,400,31,31,74,30,21,0,0,1,0.4294,0.25423,857.294
1924,400,31,31,74,37,20,0,0,1,0.4291,0.25819,849.3
1925,400,29,29,98,34,28,0,0,1,0.4288,0.26947,840.731
1926,400,34,34,87,29,25,0,0,1,0.4285,0.2457,880.136
1927,227,19,19,50,21,18,1,1,0,0.4282,0.31708,470.304
1928,400,31,31,72,33,26,0,0,1,0.4279,0.26131,885.402
1929,400,30,30,71,31,24,0,0,1,0.4276,0.25682,860.383
1930,348,35,35,79,28,24,1,1,0,0.4273,0.27325,741.961
1931,400,26,26,73,28,20,0,0,1,0.427,0.24665,842.671
1932,400,31,31,85,30,23,0,0,1,0.4267,0.27241,886.105
1933,400,29,29,76,27,25,0,0,1,0.4264,0.2346,865.813
1934,400,30,30,68,33,23,0,0,1,0.4261,0.27079,859.253
1935,400,27,27,77,31,23,0,0,1,0.4258,0.25139,849.101
1936,400,25,25,78,30,20,0,0,1,0.4255,0.23444,836.608
1937,400,38,38,94,31,28,0,0,1,0.4253,0.28549,885.065
1938,400,32,32,78,33,18,0,0,1,0.425,0.24367,911.542
1939,400,31,31,67,29,21,0,0,1,0.4247,0.2398,896.994
1940,400,21,21,73,31,26,0,0,1,0.4244,0.24513,849.357
1941,400,38,38,90,31,21,0,0,1,0.4241,0.23927,890.807
1942,400,34,34,95,35,29,0,0,1,0.4238,0.28016,860.846
1943,400,36,36,78,33,30,0,0,1,0.4235,0.25201,894.924
1944,400,32,32,82,34,28,0,0,1,0.4232,0.25778,889.754
1945,400,35,35,94,34,19,0,0,1,0.4229,0.26343,917.993
1946,303,26,26,76,23,10,1,1,0,0.4226,0.31555,654.213
1947,400,35,35,81,30,23,0,0,1,0.4223,0.28225,908.345
1948,400,30,30,79,33,27,0,0,1,0.422,0.25534,897.497
1949,400,27,27,86,34,21,0,0,1,0.4217,0.27062,859.228
1950,400,29,29,87,34,18,0,0,1,0.4214,0.27618,886.781
1951,264,16,16,57,24,18,1,1,0,0.4211,0.32641,550.073
1952,400,34,34,82,33,21,0,0,1,0.4208,0.28184,924.987
1953,400,32,32,72,35,22,0,0,1,0.4205,0.26436,897.235
1954,400,28,28,81,30,25,0,0,1,0.4202,0.25119,894.774
1955,400,30,30,77,33,19,0,0,1,0.4199,0.28364,887.36
1956,400,34,34,94,31,20,0,0,1,0.4196,0.24571,910.356
1957,400,35,35,93,36,23,0,0,1,0.4193,0.28975,920.584
1958,400,29,29,80,31,23,0,0,1,0.419,0.27114,862.432
1959,400,36,36,96,32,21,0,0,1,0.4187,0.26844,924.137
1960,400,29,29,84,33,26,0,0,1,0.4184,0.27947,861.535
1961,400,35,35,83,32,32,0,0,1,0.4181,0.29534,934.184
1962,400,33,33,77,29,19,0,0,1,0.4178,0.22908,885.697
1963,285,17,17,59,25,19,1,1,0,0.4175,0.29979,616.619
1964,400,26,26,71,29,21,0,0,1,0.4172,0.22771,847.372
1965,400,33,33,84,33,24,0,0,1,0.4169,0.27802,931.557
1966,400,33,33,83,33,25,0,0,1,0.4166,0.24966,910.947
1967,400,25,25,78,36,18,0,0,1,0.4163,0.26054,883.781
1968,400,35,35,93,33,20,0,0,1,0.416,0.24984,932.43
1969,400,34,34,96,36,25,0,0,1,0.4158,0.29362,938.358
1970,400,32,32,83,32,27,0,0,1,0.4155,0.31204,931.734
1971,400,29,29,77,35,35,0,0,1,0.4152,0.27702,913.956
1972,230,21,21,54,17,16,1,1,0,0.4149,0.31157,495.571
1973,400,29,29,79,34,20,0,0,1,0.4146,0.23646,863.492
1974,400,27,27,78,35,26,0,0,1,0.4143,0.27115,850.95
1975,400,30,30,75,32,25,0,0,1,0.414,0.24784,869.508
1976,400,32,32,85,30,23,0,0,1,0.4137,0.23378,880.35
1977,400,32,32,88,33,23,0,0,1,0.4134,0.26498,912.514
1978,400,38,38,85,39,18,0,0,1,0.4131,0.29353,920.643
1979,101,9,9,23,7,6,1,1,0,0.4128,0.34154,178.126
1980,400,30,30,83,28,26,0,0,1,0.4125,0.27226,908.27
1981,400,33,33,90,33,31,0,0,1,0.4122,0.27672,919.904
1982,400,31,31,91,34,21,0,0,1,0.4119,0.24169,889.049
1983,400,28,28,69,29,23,0,0,1,0.4116,0.22517,891.425
1984,400,24,24,69,30,23,0,0,1,0.4113,0.23646,888.237
1985,400,34,34,87,31,22,0,0,1,0.411,0.24658,944.778
1986,400,30,30,86,29,23,0,0,1,0.4107,0.22431,908.68
1987,400,36,36,81,31,27,0,0,1,0.4104,0.2819,914.53
1988,400,25,25,83,35,23,0,0,1,0.4101,0.23359,879.681
1989,400,28,28,72,34,17,0,0,1,0.4098,0.26043,910.12
1990,400,27,27,76,32,18,0,0,1,0.4095,0.23154,891.625
1991,400,30,30,80,34,23,0,0,1,0.4092,0.25533,913.081
1992,400,31,31,84,29,26,0,0,1,0.4089,0.24501,912.285
1993,400,30,30,72,33,21,0,0,1,0.4086,0.25516,908.894
1994,400,38,38,87,30,17,0,0,1,0.4083,0.23582,955.821
1995,400,38,38,83,33,17,0,0,1,0.408,0.25555,948.38
1996,400,32,32,94,32,24,0,0,1,0.4077,0.26091,931.203
1997,400,32,32,80,35,23,0,0,1,0.4074,0.27785,940.685
1998,400,32,32,72,32,29,0,0,1,0.4071,0.27025,925.47
1999,400,32,32,80,34,15,0,0,1,0.4068,0.28262,922.909
2000,400,32,32,77,29,26,0,0,1,0.4065,0.27038,925.473
2001,400,33,33,85,34,12,0,0,1,0.4062,0.25351,912.114
2002,400,28,28,75,29,19,0,0,1,0.406,0.24341,941.854
2003,400,32,32,85,30,19,0,0,1,0.4057,0.2469,933.872
2004,400,29,29,77,33,19,0,0,1,0.4054,0.2531,917.452
2005,149,12,12,31,13,14,1,1,0,0.4051,0.34402,298.511
2006,400,28,28,69,30,23,0,0,1,0.4048,0.2536,943.531
2007,400,23,23,68,33,20,0,0,1,0.4045,0.28075,881.094
2008,400,28,28,67,34,32,0,0,1,0.4042,0.26027,882.739
2009,400,34,34,82,32,23,0,0,1,0.4039,0.27041,930.712
2010,400,31,31,72,29,25,0,0,1,0.4036,0.26562,906.156
2011,400,34,34,82,34,17,0,0,1,0.4033,0.24557,930.004
2012,400,32,32,80,35,22,0,0,1,0.403,0.23435,926.368
2013,400,31,31,84,30,26,0,0,1,0.4027,0.23535,906.708
2014,400,35,35,90,32,25,0,0,1,0.4024,0.27212,924.534
2015,400,29,29,85,34,30,0,0,1,0.4021,0.26105,919.402
2016,400,29,29,67,34,22,0,0,1,0.4018,0.25623,929.568
2017,400,27,27,75,31,16,0,0,1,0.4015,0.24242,920.569
2018,400,32,32,79,28,23,0,0,1,0.4012,0.23974,921.456
2019,400,31,31,81,31,17,0,0,1,0.4009,0.25452,897.621
2020,400,33,33,78,32,20,0,0,1,0.4006,0.26657,963.662
2021,400,23,23,67,34,16,0,0,1,0.4003,0.2618,875.101
2022,400,32,32,85,32,17,0,0,1,0.4,0.21792,912.549
2023,400,37,37,91,33,20,0,0,1,0.3997,0.24483,922.484
2024,400,33,33,75,29,23,0,0,1,0.3994,0.21527,929.969
2025,400,33,33,78,32,25,0,0,1,0.3991,0.27056,932.893
2026,400,34,34,78,33,32,0,0,1,0.3988,0.27947,930.742
2027,400,36,36,86,31,23,0,0,1,0.3985,0.23904,933.036
2028,400,28,28,65,34,15,0,0,1,0.3982,0.25168,903.89
2029,400,33,33,87,35,20,0,0,1,0.3979,0.25563,922.332
2030,400,27,27,61,26,16,0,0,1,0.3976,0.19327,913.739
2031,400,35,35,82,28,18,0,0,1,0.3973,0.20783,927.19
2032,400,25,25,69,28,34,0,0,1,0.397,0.24485,886.652
2033,400,28,28,68,26,21,0,0,1,0.3968,0.24279,905.493
2034,400,34,34,70,27,26,0,0,1,0.3965,0.26164,926.152
2035,400,35,35,86,33,27,0,0,1,0.3962,0.24354,900.013
2036,400,38,38,85,30,29,0,0,1,0.3959,0.24252,934.399
2037,400,35,35,86,29,19,0,0,1,0.3956,0.24554,934.052
2038,400,28,28,60,33,31,0,0,1,0.3953,0.27689,873.343
2039,400,35,35,85,29,17,0,0,1,0.395,0.23029,946.523
2040,400,33,33,84,33,27,0,0,1,0.3947,0.27369,906.775
2041,400,28,28,81,30,24,0,0,1,0.3944,0.23642,936.353
2042,400,32,32,76,27,23,0,0,1,0.3941,0.24143,940.7
2043,400,33,33,85,29,21,0,0,1,0.3938,0.23741,919.855
2044,400,29,29,81,31,15,0,0,1,0.3935,0.24917,915.462
2045,400,30,30,81,34,28,0,0,1,0.3932,0.24595,910.856
2046,400,36,36,95,27,18,0,0,1,0.3929,0.24279,959.34
2047,400,33,33,91,32,29,0,0,1,0.3926,0.26417,922.624
2048,400,32,32,82,28,22,0,0,1,0.3923,0.22481,919.517
2049,400,32,32,68,27,19,0,0,1,0.392,0.22994,922.069
2050,154,9,9,30,16,10,1,1,0,0.3917,0.34549,307.387
2051,400,25,25,73,35,24,0,0,1,0.3914,0.26673,921.06
2052,400,33,33,81,32,25,0,0,1,0.3911,0.24457,920.919
2053,400,34,34,91,28,17,0,0,1,0.3908,0.22409,952.771
2054,400,33,33,88,29,24,0,0,1,0.3905,0.23379,932.723
2055,400,31,31,82,33,25,0,0,1,0.3902,0.25323,927.453
2056,400,30,30,83,29,36,0,0,1,0.3899,0.25401,918.278
2057,400,31,31,74,35,23,0,0,1,0.3896,0.27513,912.343
2058,400,34,34,90,28,19,0,0,1,0.3893,0.21833,957.957
2059,400,33,33,84,29,26,0,0,1,0.389,0.24061,939.728
2060,400,35,35,86,30,11,0,0,1,0.3887,0.22336,962.331
2061,400,32,32,82,31,22,0,0,1,0.3884,0.22954,949.321
2062,400,39,39,91,30,26,0,0,1,0.3881,0.23294,967.616
2063,400,33,33,76,33,21,0,0,1,0.3878,0.25502,927.315
2064,400,32,32,86,30,19,0,0,1,0.3875,0.23881,958.733
2065,400,30,30,81,29,23,0,0,1,0.3872,0.2325,935.824
2066,400,30,30,77,29,25,0,0,1,0.387,0.23533,942.287
2067,400,39,39,90,31,22,0,0,1,0.3867,0.22711,962.624
2068,400,32,32,82,29,26,0,0,1,0.3864,0.24432,942.208
2069,400,33,33,80,31,17,0,0,1,0.3861,0.27309,987.14
2070,400,22,22,52,34,22,0,0,1,0.3858,0.25731,921.207
2071,400,31,31,80,35,25,0,0,1,0.3855,0.23088,922.243
2072,400,34,34,90,31,20,0,0,1,0.3852,0.26914,978.656
2073,400,30,30,74,31,28,0,0,1,0.3849,0.25382,927.53
2074,400,37,37,82,29,22,0,0,1,0.3846,0.22702,939.314
2075,400,31,31,90,33,18,0,0,1,0.3843,0.2303,950.679
2076,400,33,33,84,31,29,0,0,1,0.384,0.22477,961.96
2077,400,33,33,72,31,12,0,0,1,0.3837,0.24635,956.016
2078,400,27,27,79,33,21,0,0,1,0.3834,0.2616,949.966
2079,400,30,30,73,29,21,0,0,1,0.3831,0.22765,932.334
2080,400,33,33,81,32,23,0,0,1,0.3828,0.2396,932.146
2081,400,27,27,67,33,15,0,0,1,0.3825,0.22311,927.712
2082,400,33,33,77,30,16,0,0,1,0.3822,0.21342,956.25
2083,400,32,32,72,29,20,0,0,1,0.3819,0.24138,951.926
2084,400,36,36,85,29,22,0,0,1,0.3816,0.22454,952.221
2085,400,32,32,85,30,20,0,0,1,0.3813,0.2329,939.807
2086,400,38,38,93,31,11,0,0,1,0.381,0.23504,981.198
2087,400,34,34,90,31,32,0,0,1,0.3807,0.24819,951.068
2088,400,33,33,78,29,15,0,0,1,0.3804,0.24053,976.609
2089,400,33,33,75,27,22,0,0,1,0.3801,0.23446,972.091
2090,400,31,31,83,32,20,0,0,1,0.3798,0.25377,957.857
2091,309,31,31,83,22,16,1,1,0,0.3795,0.2971,731.108
2092,400,36,36,99,31,8,0,0,1,0.3792,0.23003,963.576
2093,148,12,12,28,10,7,1,1,0,0.3789,0.31165,315.242
2094,400,27,27,91,34,19,0,0,1,0.3786,0.24222,957.546
2095,400,27,27,75,32,19,0,0,1,0.3783,0.23921,956.015
2096,400,32,32,92,33,26,0,0,1,0.378,0.24515,971.797
2097,400,32,32,75,30,17,0,0,1,0.3778,0.24164,964.278
2098,400,29,29,67,29,16,0,0,1,0.3775,0.21727,958.119
2099,400,32,32,90,33,16,0,0,1,0.3772,0.24233,969.739
2100,400,40,40,96,29,21,0,0,1,0.3769,0.21678,1003.01
2101,400,36,36,99,32,27,0,0,1,0.3766,0.24956,987.352
2102,400,27,27,70,31,15,0,0,1,0.3763,0.22037,959.883
2103,400,33,33,76,31,23,0,0,1,0.376,0.21378,957.286
2104,400,32,32,90,33,18,0,0,1,0.3757,0.23862,951.056
2105,400,29,29,89,34,32,0,0,1,0.3754,0.22532,942.63
2106,400,36,36,86,31,19,0,0,1,0.3751,0.22653,991.16
2107,400,30,30,85,28,20,0,0,1,0.3748,0.231,973.227
2108,400,30,30,81,31,27,0,0,1,0.3745,0.25068,945.347
2109,400,35,35,95,29,20,0,0,1,0.3742,0.21173,991.199
2110,400,33,33,85,25,25,0,0,1,0.3739,0.23008,968.536
2111,400,31,31,83,31,31,0,0,1,0.3736,0.24608,973.507
2112,400,31,31,76,31,27,0,0,1,0.3733,0.23282,972.671
2113,400,36,36,73,28,25,0,0,1,0.373,0.20916,978.886
2114,400,32,32,93,33,21,0,0,1,0.3727,0.2568,960.944
2115,400,29,29,75,31,27,0,0,1,0.3724,0.2406,945.024
2116,400,33,33,91,33,18,0,0,1,0.3721,0.23833,986.839
2117,400,35,35,88,33,18,0,0,1,0.3718,0.21221,996.102
2118,400,31,31,86,28,20,0,0,1,0.3715,0.22762,958.267
2119,400,26,26,74,38,24,0,0,1,0.3712,0.28134,940.828
2120,400,22,22,66,34,28,0,0,1,0.3709,0.23963,937.787
2121,400,28,28,79,33,18,0,0,1,0.3706,0.25078,956.174
2122,400,36,36,89,33,16,0,0,1,0.3703,0.24467,987.871
2123,400,29,29,75,33,19,0,0,1,0.37,0.24812,942.687
2124,400,26,26,67,29,21,0,0,1,0.3697,0.21124,927.598
2125,400,31,31,85,31,20,0,0,1,0.3694,0.22159,956.769
2126,400,34,34,89,32,16,0,0,1,0.3691,0.2507,977.847
2127,400,28,28,69,32,19,0,0,1,0.3688,0.24429,942.001
2128,400,24,24,62,36,15,0,0,1,0.3685,0.24873,923.609
2129,400,26,26,75,34,26,0,0,1,0.3682,0.26137,942.653
2130,400,32,32,104,33,10,0,0,1,0.368,0.24047,972.59
2131,400,32,32,86,28,27,0,0,1,0.3677,0.22215,979.608
2132,231,20,20,54,15,11,1,1,0,0.3674,0.27036,538.346
2133,400,31,31,77,27,28,0,0,1,0.3671,0.25541,947.443
2134,400,30,30,83,36,20,0,0,1,0.3668,0.26359,970.264
2135,400,34,34,84,32,14,0,0,1,0.3665,0.23399,984.66
2136,78,6,6,19,7,5,1,1,0,0.3662,0.37808,146.406
2137,400,32,32,79,32,23,0,0,1,0.3659,0.23835,984.741
2138,400,28,28,72,32,26,0,0,1,0.3656,0.2499,915.594
2139,400,32,32,70,30,31,0,0,1,0.3653,0.24915,937.452
2140,165,19,19,34,12,7,1,1,0,0.365,0.31245,371.229
2141,400,28,28,71,32,25,0,0,1,0.3647,0.24459,940.927
2142,400,32,32,85,33,17,0,0,1,0.3644,0.24816,969.286
2143,400,32,32,76,33,22,0,0,1,0.3641,0.23783,962.051
2144,66,5,5,21,6,4,1,1,0,0.3638,0.39327,128.747
2145,400,28,28,69,32,20,0,0,1,0.3635,0.23955,950.714
2146,400,39,39,87,29,27,0,0,1,0.3632,0.2322,961.394
2147,400,34,34,85,33,21,0,0,1,0.3629,0.22478,971.638
2148,400,29,29,75,35,18,0,0,1,0.3626,0.27026,924.73
2149,400,31,31,82,33,20,0,0,1,0.3623,0.24621,959.487
2150,400,31,31,77,33,14,0,0,1,0.362,0.2352,957.7
2151,400,37,37,88,29,20,0,0,1,0.3617,0.24513,981.277
2152,80,6,6,24,7,8,1,1,0,0.3614,0.38378,138.548
2153,400,32,32,74,32,27,0,0,1,0.3611,0.24763,940.098
2154,400,32,32,87,31,23,0,0,1,0.3608,0.22655,969.684
2155,400,43,43,90,30,23,0,0,1,0.3605,0.2426,988.926
2156,400,32,32,87,36,19,0,0,1,0.3602,0.24533,962.926
2157,400,35,35,87,32,15,0,0,1,0.3599,0.22395,1000.915
2158,400,27,27,76,32,26,0,0,1,0.3596,0.26435,942.643
2159,400,31,31,71,31,20,0,0,1,0.3593,0.22922,962.064
2160,400,30,30,72,30,19,0,0,1,0.359,0.22186,960.335
2161,332,25,25,62,23,15,1,1,0,0.3588,0.25145,784.869
2162,400,38,38,85,27,18,0,0,1,0.3585,0.22588,1006.375
2163,400,31,31,84,28,23,0,0,1,0.3582,0.25389,977.653
2164,400,33,33,80,28,14,0,0,1,0.3579,0.21993,990.546
2165,400,34,34,88,31,30,0,0,1,0.3576,0.24283,968.095
2166,49,4,4,9,5,5,1,1,0,0.3573,0.50909,79.695
2167,400,29,29,83,30,30,0,0,1,0.357,0.24706,952.704
2168,400,35,35,89,32,18,0,0,1,0.3567,0.23381,993.49
2169,400,34,34,94,31,17,0,0,1,0.3564,0.21214,984.209
2170,400,37,37,80,29,20,0,0,1,0.3561,0.2342,1003.213
2171,400,36,36,81,29,24,0,0,1,0.3558,0.21663,999.52
2172,118,7,7,36,12,6,1,1,0,0.3555,0.29887,246.959
2173,400,30,30,88,31,14,0,0,1,0.3552,0.21601,980.119
2174,245,13,13,47,19,14,1,1,0,0.3549,0.26055,539.838
2175,400,32,32,74,30,19,0,0,1,0.3546,0.20586,964.874
2176,400,37,37,76,28,27,0,0,1,0.3543,0.21585,971.294
2177,400,28,28,85,31,19,0,0,1,0.354,0.24747,961.334
2178,400,34,34,92,32,14,0,0,1,0.3537,0.19649,973.166
2179,400,28,28,81,33,25,0,0,1,0.3534,0.23726,957.064
2180,400,35,35,83,29,20,0,0,1,0.3531,0.24653,992.074
2181,400,34,34,85,30,22,0,0,1,0.3528,0.22499,999.39
2182,249,23,23,63,20,13,1,1,0,0.3525,0.28605,602.451
2183,400,37,37,95,28,21,0,0,1,0.3522,0.22743,1005.493
2184,400,36,36,96,30,16,0,0,1,0.3519,0.23631,1005.08
2185,400,33,33,83,33,23,0,0,1,0.3516,0.23785,993.357
2186,400,26,26,72,33,15,0,0,1,0.3513,0.22498,980.254
2187,79,6,6,17,7,5,1,1,0,0.351,0.36694,156.145
2188,139,10,10,26,10,10,1,1,0,0.3507,0.33326,300.89
2189,400,34,34,70,33,23,0,0,1,0.3504,0.26631,992.745
2190,400,33,33,88,30,25,0,0,1,0.3501,0.22026,977.19
2191,400,26,26,79,35,23,0,0,1,0.3498,0.22122,959.029
2192,400,36,36,89,33,23,0,0,1,0.3495,0.25752,993.56
2193,400,30,30,91,35,24,0,0,1,0.3492,0.25255,981.496
2194,400,32,32,74,34,20,0,0,1,0.349,0.22826,978.178
2195,400,38,38,94,31,21,0,0,1,0.3487,0.22156,1010.521
2196,400,36,36,97,33,21,0,0,1,0.3484,0.25666,1029.681
2197,400,31,31,75,31,27,0,0,1,0.3481,0.24423,982.287
2198,400,33,33,78,34,22,0,0,1,0.3478,0.24338,971.458
2199,400,30,30,82,32,21,0,0,1,0.3475,0.23847,1006.855
2200,400,24,24,60,34,20,0,0,1,0.3472,0.2785,918.637
2201,400,32,32,81,34,16,0,0,1,0.3469,0.22943,963.156
2202,400,35,35,76,31,25,0,0,1,0.3466,0.24149,988.555
2203,400,27,27,79,32,21,0,0,1,0.3463,0.23682,931.466
2204,400,32,32,77,32,21,0,0,1,0.346,0.22872,974.404
2205,400,35,35,92,30,22,0,0,1,0.3457,0.21808,978.045
2206,400,36,36,91,31,14,0,0,1,0.3454,0.23036,990.564
2207,400,36,36,93,30,20,0,0,1,0.3451,0.25437,981.677
2208,400,33,33,95,27,19,0,0,1,0.3448,0.24352,1022.61
2209,400,32,32,77,29,27,0,0,1,0.3445,0.22946,968.855
2210,400,32,32,80,30,22,0,0,1,0.3442,0.20692,996.373
2211,206,18,18,54,16,11,1,1,0,0.3439,0.28833,483.687
2212,400,28,28,75,32,24,0,0,1,0.3436,0.23164,965.644
2213,400,36,36,92,32,21,0,0,1,0.3433,0.22403,1010.139
2214,400,36,36,83,29,18,0,0,1,0.343,0.23103,1004.323
2215,400,35,35,79,31,24,0,0,1,0.3427,0.21178,1004.674
2216,400,27,27,79,34,16,0,0,1,0.3424,0.27371,969.485
2217,400,28,28,79,33,22,0,0,1,0.3421,0.2379,977.95
2218,400,28,28,71,33,24,0,0,1,0.3418,0.23311,967.805
2219,400,35,35,83,28,23,0,0,1,0.3415,0.24461,1000.575
2220,400,32,32,76,32,24,0,0,1,0.3412,0.22417,969.146
2221,400,36,36,91,31,19,0,0,1,0.3409,0.23341,1014.463
2222,400,32,32,79,33,21,0,0,1,0.3406,0.23184,989.012
2223,400,33,33,79,31,20,0,0,1,0.3403,0.22856,997.001
2224,400,38,38,93,30,14,0,0,1,0.34,0.25349,1050.977
2225,400,38,38,98,31,12,0,0,1,0.3398,0.26111,1067.036
2226,400,36,36,94,32,16,0,0,1,0.3395,0.24238,1037.433
2227,400,34,34,90,29,24,0,0,1,0.3392,0.21553,1021.218
2228,400,29,29,83,35,16,0,0,1,0.3389,0.27386,1020.844
2229,400,30,30,87,31,16,0,0,1,0.3386,0.23216,1016.966
2230,400,37,37,101,30,16,0,0,1,0.3383,0.2292,1043.594
2231,400,37,37,83,31,17,0,0,1,0.338,0.2266,1036.692
2232,400,36,36,94,34,13,0,0,1,0.3377,0.22958,1041.291
2233,400,37,37,92,29,20,0,0,1,0.3374,0.22565,1039.088
2234,400,32,32,87,32,23,0,0,1,0.3371,0.24088,1032.289
2235,400,39,39,89,33,14,0,0,1,0.3368,0.22283,1064.125
2236,400,37,37,87,30,27,0,0,1,0.3365,0.23421,1031.31
2237,400,33,33,87,31,14,0,0,1,0.3362,0.21532,1029.523
2238,400,37,37,89,32,20,0,0,1,0.3359,0.25982,1033.465
2239,400,31,31,82,34,18,0,0,1,0.3356,0.2486,1013.459
2240,400,31,31,84,37,15,0,0,1,0.3353,0.25934,1001.007
2241,400,37,37,89,35,15,0,0,1,0.335,0.25762,1044.078
2242,400,27,27,83,33,19,0,0,1,0.3347,0.21378,1037.23
2243,400,32,32,78,34,16,0,0,1,0.3344,0.23804,1030.914
2244,400,32,32,74,36,17,0,0,1,0.3341,0.25042,999.511
2245,400,35,35,87,35,18,0,0,1,0.3338,0.2575,1055.075
2246,400,26,26,78,35,11,0,0,1,0.3335,0.24695,993.572
2247,400,36,36,84,33,20,0,0,1,0.3332,0.25735,1033.75
2248,400,32,32,89,31,11,0,0,1,0.3329,0.21486,1029.793
2249,400,36,36,99,32,17,0,0,1,0.3326,0.24648,1029.894
2250,400,33,33,90,31,21,0,0,1,0.3323,0.25958,1063.861
2251,400,27,27,79,33,17,0,0,1,0.332,0.23343,1007.039
2252,400,35,35,84,32,15,0,0,1,0.3317,0.25132,1027.694
2253,400,37,37,89,33,16,0,0,1,0.3314,0.23574,1070.202
2254,400,27,27,75,39,18,0,0,1,0.3311,0.27504,1006.835
2255,339,31,31,79,27,15,1,1,0,0.3308,0.27053,844.997
2256,400,32,32,86,29,14,0,0,1,0.3305,0.228,1035.48
2257,400,35,35,80,36,21,0,0,1,0.3303,0.27222,1031.19
2258,400,39,39,98,32,15,0,0,1,0.33,0.23808,1075.338
2259,400,34,34,90,33,12,0,0,1,0.3297,0.24031,1061.885
2260,21,2,2,5,3,3,1,1,0,0.3294,0.95027,7.598
2261,400,40,40,106,33,20,0,0,1,0.3291,0.23623,1089.089
2262,400,32,32,76,32,20,0,0,1,0.3288,0.22095,1025.337
2263,400,34,34,79,33,21,0,0,1,0.3285,0.23494,1049.57
2264,400,30,30,78,34,18,0,0,1,0.3282,0.24623,1062.613
2265,400,40,40,94,33,17,0,0,1,0.3279,0.25107,1070.109
2266,400,35,35,88,34,18,0,0,1,0.3276,0.25863,1061.429
2267,400,42,42,96,33,14,0,0,1,0.3273,0.24213,1080.544
2268,400,36,36,89,31,19,0,0,1,0.327,0.24506,1073.588
2269,178,16,16,39,13,7,1,1,0,0.3267,0.32234,443.376
2270,400,30,30,79,31,14,0,0,1,0.3264,0.22195,1032.27
2271,400,34,34,77,32,18,0,0,1,0.3261,0.23745,1040.238
2272,400,39,39,93,34,23,0,0,1,0.3258,0.25136,1037.37
2273,400,35,35,93,34,19,0,0,1,0.3255,0.24149,1031.474
2274,400,35,35,92,30,18,0,0,1,0.3252,0.2505,1048.474
2275,147,13,13,40,12,6,1,1,0,0.3249,0.33119,345.26
2276,400,40,40,91,30,17,0,0,1,0.3246,0.24713,1072.937
2277,296,23,23,70,25,15,1,1,0,0.3243,0.28809,728.851
2278,400,31,31,81,32,24,0,0,1,0.324,0.25638,1052.106
2279,400,38,38,85,28,19,0,0,1,0.3237,0.23334,1070.45
2280,400,36,36,93,29,23,0,0,1,0.3234,0.24831,1064.074
2281,400,31,31,87,35,16,0,0,1,0.3231,0.24051,1032.367
2282,400,31,31,82,35,21,0,0,1,0.3228,0.23951,1038.48
2283,400,32,32,81,28,25,0,0,1,0.3225,0.25008,1030.529
2284,400,34,34,86,32,16,0,0,1,0.3222,0.2454,1071.52
2285,400,33,33,83,28,14,0,0,1,0.3219,0.22761,1060.86
2286,400,39,39,84,31,18,0,0,1,0.3216,0.24069,1072.841
2287,400,29,29,79,29,16,0,0,1,0.3213,0.26009,1073.592
2288,400,29,29,75,32,16,0,0,1,0.321,0.22727,1056.949
2289,400,34,34,87,29,14,0,0,1,0.3208,0.21303,1082.772
2290,400,25,25,69,35,15,0,0,1,0.3205,0.27494,1040.062
2291,400,36,36,88,32,13,0,0,1,0.3202,0.23434,1066.22
2292,400,31,31,89,32,17,0,0,1,0.3199,0.25053,1043.53
2293,400,34,34,81,30,27,0,0,1,0.3196,0.2443,1058.882
2294,400,35,35,74,29,16,0,0,1,0.3193,0.21054,1075.477
2295,400,37,37,85,30,12,0,0,1,0.319,0.22485,1083.341
2296,400,37,37,91,32,20,0,0,1,0.3187,0.23404,1062.673
2297,400,37,37,88,32,17,0,0,1,0.3184,0.22775,1056.522
2298,400,35,35,92,29,23,0,0,1,0.3181,0.22142,1065.014
2299,400,37,37,99,31,13,0,0,1,0.3178,0.2329,1088.924
2300,400,35,35,89,34,21,0,0,1,0.3175,0.23022,1051.252
2301,400,33,33,85,35,19,0,0,1,0.3172,0.23861,1064.35
2302,400,34,34,91,33,17,0,0,1,0.3169,0.2135,1074.619
2303,400,26,26,70,32,27,0,0,1,0.3166,0.23286,1026.806
2304,400,30,30,80,30,19,0,0,1,0.3163,0.22564,1032.639
2305,400,30,30,79,32,23,0,0,1,0.316,0.23115,1044.362
2306,400,31,31,80,30,18,0,0,1,0.3157,0.22135,1055.842
2307,400,31,31,87,33,15,0,0,1,0.3154,0.22311,1042.859
2308,400,35,35,83,33,16,0,0,1,0.3151,0.21193,1057.846
2309,400,36,36,94,34,21,0,0,1,0.3148,0.23438,1059.514
2310,400,29,29,80,34,22,0,0,1,0.3145,0.24709,1064.139
2311,400,36,36,82,37,22,0,0,1,0.3142,0.25693,1043.194
2312,400,32,32,85,30,15,0,0,1,0.3139,0.22641,1056.696
2313,400,34,34,84,32,17,0,0,1,0.3136,0.22099,1050.289
2314,400,36,36,88,31,21,0,0,1,0.3133,0.24397,1066.711
2315,400,25,25,75,37,17,0,0,1,0.313,0.26541,1001.818
2316,400,28,28,85,34,22,0,0,1,0.3127,0.22645,1038.533
2317,400,33,33,89,30,16,0,0,1,0.3124,0.2204,1052.024
2318,274,28,28,69,19,16,1,1,0,0.3121,0.23091,706.48
2319,161,15,15,39,13,12,1,1,0,0.3118,0.29637,395.344
2320,400,35,35,87,29,15,0,0,1,0.3115,0.20465,1083.547
2321,308,27,27,74,25,12,1,1,0,0.3113,0.2428,792.949
2322,400,35,35,83,31,20,0,0,1,0.311,0.21912,1053.306
2323,400,40,40,101,31,15,0,0,1,0.3107,0.20062,1084.946
2324,400,32,32,80,32,14,0,0,1,0.3104,0.22794,1071.394
2325,400,38,38,85,31,15,0,0,1,0.3101,0.19597,1084.999
2326,400,34,34,86,30,25,0,0,1,0.3098,0.24922,1070.697
2327,400,35,35,83,30,15,0,0,1,0.3095,0.21108,1075.401
2328,400,32,32,82,31,9,0,0,1,0.3092,0.22088,1075.801
2329,163,16,16,42,14,5,1,1,0,0.3089,0.28811,411.256
2330,400,35,35,95,30,13,0,0,1,0.3086,0.1771,1082.25
2331,400,34,34,94,29,20,0,0,1,0.3083,0.21874,1075.947
2332,400,31,31,76,35,16,0,0,1,0.308,0.23896,1063.484
2333,62,6,6,14,5,4,1,1,0,0.3077,0.42613,131.93
2334,400,40,40,94,30,20,0,0,1,0.3074,0.22853,1092.453
2335,400,41,41,95,28,14,0,0,1,0.3071,0.20608,1109.576
2336,400,28,28,73,34,16,0,0,1,0.3068,0.22542,1065.24
2337,400,30,30,82,30,13,0,0,1,0.3065,0.22547,1089.666
2338,400,32,32,79,33,18,0,0,1,0.3062,0.22497,1081.464
2339,400,35,35,83,34,17,0,0,1,0.3059,0.22072,1072.206
2340,400,36,36,87,31,22,0,0,1,0.3056,0.22662,1099.632
2341,400,27,27,74,34,15,0,0,1,0.3053,0.21567,1075.392
2342,400,23,23,71,33,19,0,0,1,0.305,0.23322,1044.485
2343,400,34,34,83,31,21,0,0,1,0.3047,0.21822,1067.065
2344,400,37,37,88,29,19,0,0,1,0.3044,0.20576,1083.885
2345,400,35,35,86,29,12,0,0,1,0.3041,0.1979,1089.965
2346,400,36,36,84,30,22,0,0,1,0.3038,0.21203,1097.616
2347,400,33,33,76,28,23,0,0,1,0.3035,0.22501,1073.296
2348,400,32,32,87,35,19,0,0,1,0.3032,0.2298,1059.339
2349,400,32,32,83,35,18,0,0,1,0.3029,0.20292,1067.207
2350,400,29,29,85,32,17,0,0,1,0.3026,0.2155,1054.032
2351,400,26,26,74,33,21,0,0,1,0.3023,0.22639,1021.784
2352,400,37,37,90,35,19,0,0,1,0.302,0.28134,1084.723
2353,400,37,37,78,29,17,0,0,1,0.3018,0.21667,1091.224
2354,400,36,36,78,31,18,0,0,1,0.3015,0.21824,1074.083
2355,400,39,39,96,29,21,0,0,1,0.3012,0.20474,1113.09
2356,400,37,37,90,30,11,0,0,1,0.3009,0.1919,1076.784
2357,400,39,39,89,29,22,0,0,1,0.3006,0.20027,1084.682
2358,400,28,28,84,29,14,0,0,1,0.3003,0.19403,1077.084
2359,400,32,32,77,29,15,0,0,1,0.3,0.18624,1065.7
2360,400,32,32,86,31,18,0,0,1,0.2997,0.21633,1066.262
2361,400,34,34,91,28,15,0,0,1,0.2994,0.19984,1087.322
2362,400,34,34,88,32,24,0,0,1,0.2991,0.22168,1044.834
2363,400,33,33,83,28,14,0,0,1,0.2988,0.19008,1095.637
2364,400,34,34,88,32,22,0,0,1,0.2985,0.21106,1067.238
2365,400,34,34,88,32,17,0,0,1,0.2982,0.20193,1074.966
2366,400,35,35,87,29,16,0,0,1,0.2979,0.18082,1087.894
2367,124,9,9,35,11,9,1,1,0,0.2976,0.28172,300.259
2368,400,31,31,80,31,24,0,0,1,0.2973,0.24287,1050.413
2369,400,42,42,92,29,18,0,0,1,0.297,0.21894,1111.294
2370,400,34,34,86,31,19,0,0,1,0.2967,0.2365,1072.419
2371,88,6,6,23,9,4,1,1,0,0.2964,0.34099,190.062
2372,400,39,39,91,30,18,0,0,1,0.2961,0.20458,1101.387
2373,400,36,36,85,33,17,0,0,1,0.2958,0.22303,1090.818
2374,400,39,39,77,32,16,0,0,1,0.2955,0.26229,1080.958
2375,400,35,35,90,33,22,0,0,1,0.2952,0.25723,1087.233
2376,400,35,35,91,30,14,0,0,1,0.2949,0.22609,1092.081
2377,400,34,34,97,29,14,0,0,1,0.2946,0.19781,1083.445
2378,400,33,33,94,31,19,0,0,1,0.2943,0.20158,1096.078
2379,400,36,36,98,29,13,0,0,1,0.294,0.20832,1109.511
2380,400,31,31,87,31,18,0,0,1,0.2937,0.20016,1066.053
2381,400,39,39,94,29,12,0,0,1,0.2934,0.20393,1120.532
2382,400,32,32,85,28,17,0,0,1,0.2931,0.19575,1092.85
2383,400,32,32,92,29,18,0,0,1,0.2928,0.21254,1094.825
2384,400,35,35,88,30,14,0,0,1,0.2925,0.2224,1101.907
2385,301,26,26,74,26,12,1,1,0,0.2923,0.30193,786.396
2386,400,31,31,79,29,14,0,0,1,0.292,0.20975,1097.286
2387,400,35,35,85,34,16,0,0,1,0.2917,0.21243,1100.579
2388,400,29,29,75,33,26,0,0,1,0.2914,0.23198,1062.049
2389,400,30,30,81,32,19,0,0,1,0.2911,0.23564,1090.879
2390,400,38,38,84,29,13,0,0,1,0.2908,0.2449,1108.437
2391,400,35,35,78,32,21,0,0,1,0.2905,0.22117,1088.72
2392,400,35,35,80,32,21,0,0,1,0.2902,0.23499,1083.933
2393,400,35,35,81,32,13,0,0,1,0.2899,0.2331,1098.626
2394,400,29,29,78,35,25,0,0,1,0.2896,0.24642,1055.858
2395,400,35,35,82,28,15,0,0,1,0.2893,0.21485,1083.745
2396,400,43,43,95,33,12,0,0,1,0.289,0.24061,1126.054
2397,400,37,37,93,32,18,0,0,1,0.2887,0.23165,1115.087
2398,400,38,38,95,32,15,0,0,1,0.2884,0.21007,1101.554
2399,400,36,36,84,32,20,0,0,1,0.2881,0.2243,1095.536
2400,400,35,35,81,33,16,0,0,1,0.2878,0.23012,1102.004
2401,152,11,11,37,11,4,1,1,0,0.2875,0.30828,387.87
2402,400,30,30,70,34,15,0,0,1,0.2872,0.22708,1066.833
2403,400,29,29,83,33,14,0,0,1,0.2869,0.24572,1070.044
2404,400,33,33,84,31,17,0,0,1,0.2866,0.20648,1098.733
2405,400,34,34,90,34,21,0,0,1,0.2863,0.2294,1063.037
2406,400,32,32,89,30,25,0,0,1,0.286,0.20289,1072.34
2407,400,30,30,75,31,20,0,0,1,0.2857,0.20193,1088.398
2408,400,35,35,95,31,13,0,0,1,0.2854,0.20605,1109.801
2409,400,34,34,94,31,18,0,0,1,0.2851,0.22407,1094.717
2410,400,30,30,78,37,29,0,0,1,0.2848,0.26411,1060.73
2411,400,37,37,90,28,14,0,0,1,0.2845,0.21682,1116.663
2412,400,32,32,97,31,12,0,0,1,0.2842,0.21228,1113.71
2413,400,25,25,78,33,20,0,0,1,0.2839,0.21142,1045.799
2414,53,5,5,10,4,3,1,1,0,0.2836,0.47491,96.625
2415,400,33,33,92,27,21,0,0,1,0.2833,0.20489,1114.493
2416,400,34,34,95,33,22,0,0,1,0.283,0.23335,1076.81
2417,400,35,35,76,30,21,0,0,1,0.2828,0.22691,1093.781
2418,400,41,41,91,32,21,0,0,1,0.2825,0.23069,1084.12
2419,400,26,26,71,33,21,0,0,1,0.2822,0.21842,1059.709
2420,400,31,31,78,32,18,0,0,1,0.2819,0.214,1072.297
2421,400,29,29,84,34,21,0,0,1,0.2816,0.259,1081.194
2422,400,31,31,82,33,14,0,0,1,0.2813,0.23161,1076.531
2423,400,36,36,94,30,20,0,0,1,0.281,0.19567,1095.893
2424,400,37,37,88,30,15,0,0,1,0.2807,0.20881,1084.157
2425,400,37,37,92,33,12,0,0,1,0.2804,0.20185,1097.929
2426,93,13,13,33,7,9,1,1,0,0.2801,0.3828,222.189
2427,400,38,38,101,29,19,0,0,1,0.2798,0.20625,1125.35
2428,400,40,40,95,30,22,0,0,1,0.2795,0.22924,1106.872
2429,400,30,30,84,38,21,0,0,1,0.2792,0.25394,1055.225
2430,400,25,25,79,38,11,0,0,1,0.2789,0.18891,1061.928
2431,400,40,40,93,34,13,0,0,1,0.2786,0.23992,1109.171
2432,74,6,6,22,7,3,1,1,0,0.2783,0.41876,160.982
2433,400,34,34,85,31,12,0,0,1,0.278,0.20862,1098.139
2434,34,3,3,12,3,5,1,1,0,0.2777,0.66687,50.894
2435,400,36,36,80,32,12,0,0,1,0.2774,0.2153,1095.727
2436,400,36,36,98,31,15,0,0,1,0.2771,0.22006,1096.718
2437,400,34,34,88,34,18,0,0,1,0.2768,0.25183,1074.837
2438,400,32,32,91,35,16,0,0,1,0.2765,0.2172,1084.481
2439,400,36,36,86,30,17,0,0,1,0.2762,0.2048,1112.087
2440,400,36,36,85,34,5,0,0,1,0.2759,0.19529,1101.811
2441,400,31,31,76,33,23,0,0,1,0.2756,0.22419,1094.593
2442,400,37,37,82,31,16,0,0,1,0.2753,0.22335,1115.739
2443,400,19,19,61,40,15,0,0,1,0.275,0.21826,1035.45
2444,400,30,30,78,37,17,0,0,1,0.2747,0.26566,1053.597
2445,400,35,35,90,28,21,0,0,1,0.2744,0.19622,1086.441
2446,400,39,39,99,33,14,0,0,1,0.2741,0.22114,1106.138
2447,400,36,36,85,30,14,0,0,1,0.2738,0.19178,1124.22
2448,400,35,35,81,26,18,0,0,1,0.2735,0.18125,1102.776
2449,400,35,35,91,29,20,0,0,1,0.2732,0.20021,1112.596
2450,400,42,42,102,33,15,0,0,1,0.273,0.22808,1140.625
2451,400,35,35,96,34,17,0,0,1,0.2727,0.21997,1112.647
2452,400,36,36,83,32,12,0,0,1,0.2724,0.22153,1115.124
2453,400,34,34,87,33,14,0,0,1,0.2721,0.24472,1102.016
2454,400,40,40,97,30,12,0,0,1,0.2718,0.23333,1135.904
2455,400,33,33,83,30,13,0,0,1,0.2715,0.21637,1108.709
2456,400,35,35,79,33,13,0,0,1,0.2712,0.21689,1107.077
2457,400,35,35,94,36,12,0,0,1,0.2709,0.21909,1130.463
2458,400,38,38,84,31,11,0,0,1,0.2706,0.21913,1129.547
2459,400,33,33,88,34,10,0,0,1,0.2703,0.25012,1112.424
2460,400,36,36,90,31,15,0,0,1,0.27,0.21277,1107.858
2461,400,32,32,85,32,13,0,0,1,0.2697,0.21439,1104.795
2462,400,29,29,70,35,11,0,0,1,0.2694,0.21091,1088.506
2463,400,35,35,81,30,19,0,0,1,0.2691,0.24641,1100.382
2464,400,40,40,97,29,12,0,0,1,0.2688,0.21319,1145.487
2465,321,26,26,82,25,13,1,1,0,0.2685,0.2677,867.27
2466,400,33,33,90,31,16,0,0,1,0.2682,0.24451,1113.292
2467,400,35,35,96,29,15,0,0,1,0.2679,0.19317,1129.268
2468,400,36,36,101,31,17,0,0,1,0.2676,0.24356,1130.541
2469,400,40,40,91,32,17,0,0,1,0.2673,0.2145,1138.101
2470,400,42,42,102,29,13,0,0,1,0.267,0.21724,1164.481
2471,400,38,38,86,32,11,0,0,1,0.2667,0.2171,1136.911
2472,400,38,38,93,30,14,0,0,1,0.2664,0.21883,1130.319
2473,400,41,41,100,34,14,0,0,1,0.2661,0.25066,1166.683
2474,400,39,39,103,30,9,0,0,1,0.2658,0.23332,1150.094
2475,400,34,34,87,34,19,0,0,1,0.2655,0.22033,1119.43
2476,370,36,36,95,29,18,1,1,0,0.2652,0.26605,1026.964
2477,400,37,37,94,34,17,0,0,1,0.2649,0.25994,1147.439
2478,400,41,41,103,34,9,0,0,1,0.2646,0.23455,1163.656
2479,400,37,37,96,32,16,0,0,1,0.2643,0.22197,1161.315
2480,400,40,40,89,33,18,0,0,1,0.264,0.23038,1149.877
2481,400,39,39,97,32,6,0,0,1,0.2638,0.22596,1178.622
2482,400,37,37,94,32,20,0,0,1,0.2635,0.20069,1153.005
2483,400,37,37,92,36,21,0,0,1,0.2632,0.24238,1131.938
2484,400,38,38,84,33,12,0,0,1,0.2629,0.23051,1163.083
2485,400,36,36,88,29,19,0,0,1,0.2626,0.1963,1164.195
2486,400,30,30,84,35,11,0,0,1,0.2623,0.22058,1153.091
2487,400,32,32,84,30,16,0,0,1,0.262,0.20161,1163.806
2488,400,35,35,88,33,16,0,0,1,0.2617,0.23162,1148.081
2489,400,39,39,94,32,17,0,0,1,0.2614,0.21414,1178.006
2490,400,35,35,93,36,14,0,0,1,0.2611,0.21241,1131.807
2491,400,35,35,90,36,11,0,0,1,0.2608,0.20694,1145.748
2492,400,34,34,91,35,13,0,0,1,0.2605,0.23865,1135.485
2493,400,39,39,100,32,8,0,0,1,0.2602,0.22905,1182.334
2494,400,38,38,96,32,13,0,0,1,0.2599,0.21788,1170.087
2495,400,40,40,96,32,9,0,0,1,0.2596,0.22673,1162.485
2496,400,40,40,97,32,12,0,0,1,0.2593,0.22651,1181.79
2497,400,35,35,85,35,14,0,0,1,0.259,0.20766,1152.818
2498,400,32,32,92,34,21,0,0,1,0.2587,0.23561,1124.399
2499,400,38,38,81,32,20,0,0,1,0.2584,0.21491,1178.074
2500,400,34,34,84,32,12,0,0,1,0.2581,0.20906,1144.922
2501,400,40,40,110,31,14,0,0,1,0.2578,0.22587,1183.694
2502,400,38,38,97,30,9,0,0,1,0.2575,0.22361,1170.008
2503,400,39,39,92,31,17,0,0,1,0.2572,0.22577,1203.86
2504,400,32,32,94,31,16,0,0,1,0.2569,0.22483,1159.271
2505,400,30,30,87,36,16,0,0,1,0.2566,0.22483,1139.28
2506,400,37,37,90,33,20,0,0,1,0.2563,0.23329,1152.067
2507,400,40,40,95,30,14,0,0,1,0.256,0.22647,1203.361
2508,400,38,38,103,30,9,0,0,1,0.2557,0.20908,1218.099
2509,400,35,35,90,32,10,0,0,1,0.2554,0.2061,1181.539
2510,400,36,36,84,31,10,0,0,1,0.2551,0.23132,1179.881
2511,400,36,36,91,34,12,0,0,1,0.2548,0.21898,1176.775
2512,400,37,37,92,32,11,0,0,1,0.2545,0.22027,1183.259
2513,400,38,38,97,32,11,0,0,1,0.2542,0.21085,1198.968
2514,400,37,37,100,31,16,0,0,1,0.254,0.2003,1187.174
2515,400,41,41,101,30,19,0,0,1,0.2537,0.21568,1186.307
2516,400,34,34,98,34,22,0,0,1,0.2534,0.23267,1136.275
2517,400,37,37,94,32,14,0,0,1,0.2531,0.26043,1190.301
2518,400,38,38,101,35,20,0,0,1,0.2528,0.2417,1197.698
2519,400,40,40,101,32,10,0,0,1,0.2525,0.22158,1204.761
2520,400,36,36,90,29,11,0,0,1,0.2522,0.21939,1178.307
2521,400,39,39,102,34,12,0,0,1,0.2519,0.23761,1193.917
2522,400,34,34,94,35,22,0,0,1,0.2516,0.2044,1173.6
2523,400,34,34,93,31,16,0,0,1,0.2513,0.21157,1177.63
2524,400,38,38,99,30,8,0,0,1,0.251,0.20889,1208.849
2525,400,41,41,101,34,18,0,0,1,0.2507,0.20136,1193.383
2526,400,39,39,99,35,11,0,0,1,0.2504,0.2413,1181.575
2527,400,31,31,83,35,8,0,0,1,0.2501,0.21847,1160.62
2528,400,29,29,79,34,17,0,0,1,0.2498,0.24049,1136.189
2529,400,35,35,96,30,16,0,0,1,0.2495,0.22089,1188.436
2530,400,41,41,92,32,10,0,0,1,0.2492,0.20463,1207.154
2531,400,32,32,89,32,16,0,0,1,0.2489,0.22978,1181.733
2532,400,37,37,94,33,15,0,0,1,0.2486,0.20033,1185.079
2533,400,33,33,91,34,11,0,0,1,0.2483,0.20768,1180.796
2534,400,40,40,88,30,14,0,0,1,0.248,0.21959,1188.469
2535,400,43,43,98,34,13,0,0,1,0.2477,0.22309,1193.503
2536,400,40,40,96,32,13,0,0,1,0.2474,0.22545,1201.014
2537,400,37,37,98,30,13,0,0,1,0.2471,0.17977,1193.647
2538,400,38,38,93,31,14,0,0,1,0.2468,0.2118,1209.985
2539,400,35,35,89,32,15,0,0,1,0.2465,0.22078,1193.081
2540,38,2,2,7,4,4,1,1,0,0.2462,0.59083,71.298
2541,400,39,39,88,31,15,0,0,1,0.2459,0.24703,1175.328
2542,400,42,42,87,30,16,0,0,1,0.2456,0.22357,1208.858
2543,209,23,23,60,16,6,1,1,0,0.2453,0.28769,602.704
2544,400,41,41,103,35,11,0,0,1,0.245,0.22108,1211.406
2545,400,35,35,90,30,12,0,0,1,0.2448,0.20257,1206.227
2546,400,36,36,94,34,8,0,0,1,0.2445,0.23356,1206.378
2547,400,34,34,90,34,15,0,0,1,0.2442,0.24034,1183.099
2548,104,8,8,29,9,6,1,1,0,0.2439,0.3475,265.584
2549,400,40,40,90,34,12,0,0,1,0.2436,0.2357,1206.238
2550,400,32,32,82,28,14,0,0,1,0.2433,0.21331,1231.118
2551,400,42,42,100,30,19,0,0,1,0.243,0.22039,1204.707
2552,400,44,44,99,31,10,0,0,1,0.2427,0.21084,1243.312
2553,400,39,39,89,31,16,0,0,1,0.2424,0.22613,1217.788
2554,400,36,36,90,32,14,0,0,1,0.2421,0.22474,1205.523
2555,400,36,36,75,34,15,0,0,1,0.2418,0.20824,1200.38
2556,400,31,31,87,32,8,0,0,1,0.2415,0.19819,1204.485
2557,400,39,39,100,31,14,0,0,1,0.2412,0.20793,1209.372
2558,20,0,0,8,3,1,1,1,0,0.2409,0.8681,13.781
2559,400,43,43,97,32,13,0,0,1,0.2406,0.21698,1204.124
2560,400,41,41,107,32,13,0,0,1,0.2403,0.22586,1203.164
2561,400,32,32,75,31,13,0,0,1,0.24,0.2059,1209.771
2562,400,42,42,99,30,16,0,0,1,0.2397,0.23761,1201.217
2563,400,37,37,84,32,16,0,0,1,0.2394,0.22487,1203.292
2564,400,38,38,90,36,10,0,0,1,0.2391,0.23578,1211.815
2565,400,40,40,98,32,17,0,0,1,0.2388,0.2255,1201.077
2566,400,41,41,96,30,10,0,0,1,0.2385,0.20735,1234.529
2567,400,29,29,79,35,10,0,0,1,0.2382,0.20951,1180.33
2568,400,42,42,91,31,14,0,0,1,0.2379,0.21607,1236.097
2569,400,31,31,86,38,20,0,0,1,0.2376,0.22927,1175.939
2570,400,38,38,90,33,14,0,0,1,0.2373,0.21061,1212.669
2571,400,34,34,75,34,15,0,0,1,0.237,0.21243,1186.111
2572,400,35,35,91,33,14,0,0,1,0.2367,0.20379,1211.57
2573,400,27,27,62,35,11,0,0,1,0.2364,0.25713,1151.943
2574,400,34,34,88,34,13,0,0,1,0.2361,0.21419,1175.055
2575,400,34,34,88,32,9,0,0,1,0.2358,0.21368,1203.627
2576,400,42,42,98,32,13,0,0,1,0.2355,0.22712,1234.723
2577,400,30,30,85,30,13,0,0,1,0.2352,0.19899,1206.34
2578,400,34,34,83,32,15,0,0,1,0.235,0.21759,1207.098
2579,400,36,36,81,34,10,0,0,1,0.2347,0.21246,1188.014
2580,400,34,34,90,32,10,0,0,1,0.2344,0.21918,1203.732
2581,400,31,31,76,32,17,0,0,1,0.2341,0.21543,1164.349
2582,400,38,38,96,31,10,0,0,1,0.2338,0.18625,1210.457
2583,400,37,37,93,32,17,0,0,1,0.2335,0.20394,1188.381
2584,400,33,33,72,33,12,0,0,1,0.2332,0.18988,1202.422
2585,400,41,41,89,29,17,0,0,1,0.2329,0.22036,1202.529
2586,400,38,38,86,32,18,0,0,1,0.2326,0.22046,1202.881
2587,400,29,29,81,37,18,0,0,1,0.2323,0.22918,1156.888
2588,400,30,30,89,34,17,0,0,1,0.232,0.22033,1167.159
2589,400,41,41,88,30,13,0,0,1,0.2317,0.22031,1209.238
2590,400,38,38,89,32,10,0,0,1,0.2314,0.21896,1201.945
2591,400,41,41,96,34,16,0,0,1,0.2311,0.20456,1230.286
2592,400,29,29,86,38,16,0,0,1,0.2308,0.22185,1175.574
2593,400,42,42,105,33,13,0,0,1,0.2305,0.21594,1231.493
2594,400,31,31,72,34,13,0,0,1,0.2302,0.24409,1164.842
2595,400,34,34,89,33,10,0,0,1,0.2299,0.19843,1179.85
2596,400,26,26,82,34,11,0,0,1,0.2296,0.20006,1167.449
2597,400,39,39,94,34,12,0,0,1,0.2293,0.20846,1213.846
2598,400,34,34,83,35,10,0,0,1,0.229,0.18245,1196.024
2599,400,23,23,72,40,11,0,0,1,0.2287,0.22538,1107.58
2600,400,34,34,100,36,15,0,0,1,0.2284,0.19557,1186.769
2601,400,33,33,96,33,10,0,0,1,0.2281,0.2025,1184.089
2602,400,38,38,104,32,19,0,0,1,0.2278,0.22338,1222.434
2603,400,39,39,89,29,12,0,0,1,0.2275,0.19377,1213.245
2604,400,37,37,90,32,12,0,0,1,0.2272,0.23711,1183.965
2605,400,35,35,90,34,10,0,0,1,0.2269,0.20403,1207.407
2606,400,37,37,86,31,17,0,0,1,0.2266,0.24267,1187.534
2607,400,38,38,98,31,12,0,0,1,0.2263,0.20847,1206.396
2608,292,30,30,82,24,6,1,1,0,0.226,0.28841,870.031
2609,400,34,34,79,32,15,0,0,1,0.2258,0.20488,1198.902
2610,400,38,38,94,31,9,0,0,1,0.2255,0.18361,1225.147
2611,400,36,36,88,32,16,0,0,1,0.2252,0.20053,1212.131
2612,400,41,41,92,31,18,0,0,1,0.2249,0.20503,1210.735
2613,400,43,43,101,32,11,0,0,1,0.2246,0.23436,1248.082
2614,400,35,35,84,32,12,0,0,1,0.2243,0.20371,1194.684
2615,400,37,37,98,31,11,0,0,1,0.224,0.203,1220.751
2616,400,41,41,92,35,12,0,0,1,0.2237,0.24207,1205.788
2617,400,40,40,94,31,13,0,0,1,0.2234,0.2006,1235.718
2618,400,36,36,93,35,12,0,0,1,0.2231,0.20417,1209.05
2619,400,41,41,87,31,10,0,0,1,0.2228,0.22634,1247.513
2620,400,39,39,100,32,12,0,0,1,0.2225,0.21645,1240.352
2621,400,43,43,93,30,14,0,0,1,0.2222,0.22646,1242.146
2622,400,36,36,95,31,16,0,0,1,0.2219,0.2197,1203.92
2623,400,37,37,91,31,13,0,0,1,0.2216,0.21292,1218.434
2624,400,33,33,83,31,8,0,0,1,0.2213,0.21575,1223.592
2625,400,39,39,90,31,8,0,0,1,0.221,0.20792,1242.259
2626,400,34,34,92,35,11,0,0,1,0.2207,0.23958,1207.731
2627,400,32,32,88,35,16,0,0,1,0.2204,0.22013,1207.583
2628,400,33,33,82,37,11,0,0,1,0.2201,0.21747,1188.879
2629,400,33,33,85,34,17,0,0,1,0.2198,0.22951,1186.829
2630,400,36,36,88,36,17,0,0,1,0.2195,0.21396,1199.233
2631,400,38,38,87,34,13,0,0,1,0.2192,0.21816,1194.61
2632,400,38,38,99,34,16,0,0,1,0.2189,0.2324,1227.121
2633,400,42,42,92,30,17,0,0,1,0.2186,0.22625,1235.862
2634,400,39,39,81,32,16,0,0,1,0.2183,0.18652,1231.708
2635,400,37,37,93,32,12,0,0,1,0.218,0.21048,1208.763
2636,400,34,34,98,30,10,0,0,1,0.2177,0.21145,1198.4
2637,400,34,34,91,34,12,0,0,1,0.2174,0.22124,1214.906
2638,400,37,37,96,31,16,0,0,1,0.2171,0.22241,1225.121
2639,400,39,39,102,30,17,0,0,1,0.2168,0.22425,1213.274
2640,400,38,38,85,31,11,0,0,1,0.2165,0.20613,1231.433
2641,400,37,37,90,34,14,0,0,1,0.2163,0.22725,1233.615
2642,400,37,37,101,33,8,0,0,1,0.216,0.21796,1233.351
2643,400,38,38,104,29,13,0,0,1,0.2157,0.20722,1254.659
2644,400,41,41,101,32,10,0,0,1,0.2154,0.20149,1238.819
2645,400,36,36,95,31,12,0,0,1,0.2151,0.23867,1244.27
2646,211,22,22,65,18,11,1,1,0,0.2148,0.28714,609.041
2647,400,41,41,101,33,12,0,0,1,0.2145,0.23118,1253.468
2648,400,39,39,107,30,17,0,0,1,0.2142,0.19955,1244.984
2649,400,38,38,94,29,12,0,0,1,0.2139,0.19398,1261.823
2650,400,33,33,90,33,16,0,0,1,0.2136,0.20735,1238.593
2651,400,40,40,100,35,12,0,0,1,0.2133,0.22156,1244.271
2652,400,31,31,79,34,14,0,0,1,0.213,0.23863,1227.233
2653,400,34,34,80,31,11,0,0,1,0.2127,0.18876,1236.748
2654,400,37,37,87,30,19,0,0,1,0.2124,0.1962,1242.682
2655,400,37,37,83,33,10,0,0,1,0.2121,0.22139,1239.44
2656,400,36,36,85,32,19,0,0,1,0.2118,0.21018,1223.518
2657,400,30,30,90,33,21,0,0,1,0.2115,0.22753,1189.11
2658,400,34,34,74,37,12,0,0,1,0.2112,0.20847,1205.827
2659,400,30,30,74,37,26,0,0,1,0.2109,0.27292,1185.353
2660,400,25,25,57,38,14,0,0,1,0.2106,0.24239,1159.214
2661,400,34,34,103,33,18,0,0,1,0.2103,0.19906,1196.253
2662,400,33,33,83,32,8,0,0,1,0.21,0.21182,1225.455
2663,400,40,40,95,34,9,0,0,1,0.2097,0.20319,1218.82
2664,400,32,32,84,37,17,0,0,1,0.2094,0.21972,1179.988
2665,400,32,32,91,38,16,0,0,1,0.2091,0.24164,1174.374
2666,400,35,35,87,33,8,0,0,1,0.2088,0.20195,1220.618
2667,400,34,34,87,33,21,0,0,1,0.2085,0.1955,1192.492
2668,400,28,28,68,38,7,0,0,1,0.2082,0.20884,1174.11
2669,400,39,39,85,32,8,0,0,1,0.2079,0.21186,1221.817
2670,400,38,38,86,32,16,0,0,1,0.2076,0.2112,1225.237
2671,400,40,40,97,33,13,0,0,1,0.2073,0.2322,1228.028
2672,400,41,41,97,32,10,0,0,1,0.207,0.21948,1251.732
2673,400,38,38,96,31,13,0,0,1,0.2068,0.20287,1226.998
2674,400,39,39,94,33,11,0,0,1,0.2065,0.21994,1245.054
2675,400,31,31,83,34,13,0,0,1,0.2062,0.19805,1178.42
2676,400,38,38,95,33,10,0,0,1,0.2059,0.18081,1231.528
2677,400,41,41,100,33,13,0,0,1,0.2056,0.21156,1246.089
2678,400,36,36,90,35,14,0,0,1,0.2053,0.20111,1204.116
2679,400,37,37,89,33,10,0,0,1,0.205,0.19222,1235.783
2680,400,37,37,93,33,9,0,0,1,0.2047,0.20738,1240.081
2681,400,39,39,104,32,4,0,0,1,0.2044,0.18845,1250.709
2682,400,38,38,94,33,10,0,0,1,0.2041,0.18436,1233.812
2683,400,38,38,107,35,12,0,0,1,0.2038,0.21892,1243.287
2684,400,41,41,99,32,11,0,0,1,0.2035,0.196,1244.306
2685,400,42,42,109,31,11,0,0,1,0.2032,0.19592,1260.059
2686,400,38,38,95,33,9,0,0,1,0.2029,0.17788,1236.873
2687,400,38,38,96,31,12,0,0,1,0.2026,0.19471,1262.583
2688,62,6,6,24,5,3,1,1,0,0.2023,0.4461,152.937
2689,400,39,39,96,35,9,0,0,1,0.202,0.2109,1254.138
2690,400,44,44,100,32,12,0,0,1,0.2017,0.22717,1262.735
2691,400,38,38,93,33,16,0,0,1,0.2014,0.22299,1231.904
2692,400,34,34,87,33,6,0,0,1,0.2011,0.19276,1254.13
2693,400,43,43,102,30,9,0,0,1,0.2008,0.19863,1258.918
2694,400,36,36,94,34,5,0,0,1,0.2005,0.22462,1256.961
2695,400,39,39,93,30,10,0,0,1,0.2002,0.19546,1261.817
2696,400,40,40,98,31,14,0,0,1,0.1999,0.21616,1247.385
2697,400,43,43,105,34,9,0,0,1,0.1996,0.21652,1286.848
2698,400,37,37,89,33,8,0,0,1,0.1993,0.21374,1276.605
2699,400,36,36,92,32,13,0,0,1,0.199,0.20649,1261.958
2700,400,37,37,105,30,10,0,0,1,0.1987,0.20095,1260.483
2701,400,44,44,108,33,9,0,0,1,0.1984,0.2021,1275.517
2702,400,42,42,93,30,9,0,0,1,0.1981,0.21304,1268.12
2703,125,10,10,32,11,6,1,1,0,0.1978,0.26715,343.798
2704,400,39,39,93,33,13,0,0,1,0.1975,0.19879,1259.089
2705,400,39,39,95,32,7,0,0,1,0.1973,0.22021,1277.432
2706,400,33,33,89,37,13,0,0,1,0.197,0.23017,1218.848
2707,400,37,37,102,33,9,0,0,1,0.1967,0.20437,1257.86
2708,400,37,37,89,31,9,0,0,1,0.1964,0.19171,1288.195
2709,400,41,41,96,33,15,0,0,1,0.1961,0.19602,1275.885
2710,400,44,44,104,31,8,0,0,1,0.1958,0.18483,1290.99
2711,400,40,40,89,34,7,0,0,1,0.1955,0.19676,1262.845
2712,400,39,39,88,30,3,0,0,1,0.1952,0.17396,1277.856
2713,400,37,37,94,32,12,0,0,1,0.1949,0.20632,1262.922
2714,400,37,37,85,33,6,0,0,1,0.1946,0.19102,1264.505
2715,400,36,36,82,33,10,0,0,1,0.1943,0.18375,1256.251
2716,400,34,34,78,34,8,0,0,1,0.194,0.25497,1261.176
2717,400,38,38,89,31,8,0,0,1,0.1937,0.21785,1280.27
2718,108,11,11,31,9,9,1,1,0,0.1934,0.31439,304.718
2719,400,39,39,110,33,5,0,0,1,0.1931,0.19387,1288.219
2720,400,38,38,98,32,9,0,0,1,0.1928,0.22525,1289.905
2721,400,32,32,71,29,11,0,0,1,0.1925,0.19979,1262.589
2722,400,38,38,100,35,9,0,0,1,0.1922,0.20915,1289.097
2723,400,38,38,97,33,14,0,0,1,0.1919,0.20349,1283.364
2724,400,37,37,93,33,9,0,0,1,0.1916,0.20291,1279.598
2725,400,42,42,87,32,13,0,0,1,0.1913,0.21557,1281.477
2726,400,35,35,77,34,16,0,0,1,0.191,0.20179,1266.008
2727,400,35,35,84,34,10,0,0,1,0.1907,0.21392,1280.2
2728,400,40,40,91,34,13,0,0,1,0.1904,0.20529,1267.877
2729,400,38,38,97,32,12,0,0,1,0.1901,0.21124,1278.057
2730,400,38,38,96,30,9,0,0,1,0.1898,0.19424,1274.088
2731,400,41,41,101,33,4,0,0,1,0.1895,0.20683,1288.73
2732,400,37,37,91,35,11,0,0,1,0.1892,0.23248,1279.893
2733,400,35,35,89,35,10,0,0,1,0.1889,0.21847,1265.803
2734,400,31,31,83,34,7,0,0,1,0.1886,0.2083,1256.853
2735,400,40,40,98,35,10,0,0,1,0.1883,0.21093,1285.748
2736,400,36,36,84,32,9,0,0,1,0.188,0.21117,1269.709
2737,400,31,31,73,34,6,0,0,1,0.1878,0.22067,1222.905
2738,400,42,42,100,32,7,0,0,1,0.1875,0.22245,1290.178
2739,400,41,41,99,31,14,0,0,1,0.1872,0.19314,1282.281
2740,400,40,40,97,32,4,0,0,1,0.1869,0.19215,1300.103
2741,400,36,36,95,34,11,0,0,1,0.1866,0.17795,1276.187
2742,400,31,31,77,31,11,0,0,1,0.1863,0.19958,1253.026
2743,400,33,33,88,36,12,0,0,1,0.186,0.20956,1223.542
2744,400,36,36,81,36,10,0,0,1,0.1857,0.21228,1250.998
2745,400,29,29,74,40,11,0,0,1,0.1854,0.21592,1221.765
2746,400,30,30,93,33,13,0,0,1,0.1851,0.18706,1212.218
2747,400,38,38,106,35,9,0,0,1,0.1848,0.18886,1284.173
2748,400,40,40,91,32,12,0,0,1,0.1845,0.20101,1266.129
2749,400,42,42,106,34,9,0,0,1,0.1842,0.20709,1290.299
2750,400,33,33,88,36,9,0,0,1,0.1839,0.1868,1253.197
2751,400,41,41,94,31,11,0,0,1,0.1836,0.17887,1287.905
2752,400,40,40,85,33,14,0,0,1,0.1833,0.23044,1277.851
2753,400,42,42,97,33,8,0,0,1,0.183,0.20162,1282.9
2754,400,40,40,97,31,5,0,0,1,0.1827,0.21945,1283.217
2755,400,38,38,96,34,8,0,0,1,0.1824,0.19294,1271.864
2756,400,40,40,103,32,11,0,0,1,0.1821,0.21084,1287.841
2757,400,36,36,100,34,9,0,0,1,0.1818,0.22332,1278.399
2758,400,37,37,84,31,8,0,0,1,0.1815,0.19516,1271.488
2759,400,37,37,101,33,7,0,0,1,0.1812,0.1912,1264.754
2760,400,39,39,106,28,8,0,0,1,0.1809,0.17891,1290.458
2761,400,37,37,103,33,12,0,0,1,0.1806,0.20755,1253.308
2762,400,33,33,90,33,9,0,0,1,0.1803,0.20056,1268.33
2763,400,38,38,100,33,14,0,0,1,0.18,0.21394,1280.08
2764,400,41,41,95,32,18,0,0,1,0.1797,0.2046,1292.917
2765,400,41,41,102,33,11,0,0,1,0.1794,0.18735,1296.656
2766,400,37,37,93,32,8,0,0,1,0.1791,0.19303,1278.859
2767,400,36,36,93,32,12,0,0,1,0.1788,0.18595,1273.313
2768,400,39,39,88,34,9,0,0,1,0.1785,0.18738,1273.594
2769,400,44,44,98,29,11,0,0,1,0.1783,0.17945,1302.087
2770,400,38,38,87,32,11,0,0,1,0.178,0.19995,1282.13
2771,400,39,39,107,33,9,0,0,1,0.1777,0.20914,1306.98
2772,400,42,42,94,32,12,0,0,1,0.1774,0.19369,1275.995
2773,400,34,34,88,34,5,0,0,1,0.1771,0.20014,1272.516
2774,400,41,41,100,32,7,0,0,1,0.1768,0.19857,1306.042
2775,400,44,44,100,32,18,0,0,1,0.1765,0.19473,1294.63
2776,400,42,42,104,34,10,0,0,1,0.1762,0.21114,1300.349
2777,400,45,45,95,33,10,0,0,1,0.1759,0.20343,1308.796
2778,400,40,40,95,33,17,0,0,1,0.1756,0.22387,1289.908
2779,400,37,37,94,34,6,0,0,1,0.1753,0.19676,1298.916
2780,400,39,39,99,34,9,0,0,1,0.175,0.22454,1289.926
2781,400,38,38,97,32,15,0,0,1,0.1747,0.21029,1313.389
2782,400,36,36,87,32,3,0,0,1,0.1744,0.19237,1304.439
2783,400,36,36,100,31,14,0,0,1,0.1741,0.20052,1297.974
2784,400,37,37,84,33,11,0,0,1,0.1738,0.21422,1298.123
2785,400,38,38,98,30,6,0,0,1,0.1735,0.1818,1317.137
2786,400,31,31,78,38,11,0,0,1,0.1732,0.24811,1230.945
2787,400,41,41,104,33,7,0,0,1,0.1729,0.21693,1303.664
2788,400,37,37,92,33,5,0,0,1,0.1726,0.19334,1310.215
2789,400,41,41,94,29,3,0,0,1,0.1723,0.19364,1340.274
2790,400,36,36,92,33,7,0,0,1,0.172,0.20563,1303.744
2791,400,42,42,93,29,16,0,0,1,0.1717,0.20748,1317.332
2792,400,41,41,101,34,8,0,0,1,0.1714,0.1912,1317.085
2793,400,42,42,103,33,7,0,0,1,0.1711,0.19367,1329.816
2794,400,33,33,77,31,6,0,0,1,0.1708,0.18599,1293.238
2795,400,32,32,86,35,4,0,0,1,0.1705,0.2086,1289.709
2796,400,40,40,94,32,7,0,0,1,0.1702,0.19031,1320.856
2797,400,37,37,98,34,13,0,0,1,0.1699,0.19837,1305.347
2798,400,39,39,86,35,9,0,0,1,0.1696,0.21791,1286.942
2799,400,32,32,92,38,6,0,0,1,0.1693,0.19468,1266.472
2800,400,39,39,108,33,7,0,0,1,0.169,0.20501,1294.214
2801,400,38,38,93,35,9,0,0,1,0.1688,0.1855,1307.359
2802,400,38,38,98,34,12,0,0,1,0.1685,0.18765,1324.327
2803,400,35,35,85,30,9,0,0,1,0.1682,0.18849,1295.649
2804,79,10,10,23,6,4,1,1,0,0.1679,0.35329,220.539
2805,400,39,39,99,30,5,0,0,1,0.1676,0.183,1333.468
2806,400,30,30,61,39,16,0,0,1,0.1673,0.24462,1237.705
2807,400,40,40,103,32,12,0,0,1,0.167,0.20022,1313.742
2808,400,40,40,103,31,10,0,0,1,0.1667,0.18109,1321.487
2809,400,38,38,98,33,17,0,0,1,0.1664,0.1981,1300.958
2810,400,36,36,94,33,10,0,0,1,0.1661,0.1776,1310.103
2811,400,42,42,95,31,4,0,0,1,0.1658,0.19331,1324.744
2812,400,33,33,82,33,9,0,0,1,0.1655,0.20232,1291.336
2813,400,36,36,94,34,8,0,0,1,0.1652,0.20984,1318.388
2814,400,45,45,111,36,8,0,0,1,0.1649,0.20152,1346.904
2815,400,36,36,90,34,11,0,0,1,0.1646,0.21513,1307.102
2816,400,39,39,95,33,13,0,0,1,0.1643,0.20567,1321.474
2817,400,37,37,95,35,13,0,0,1,0.164,0.21352,1295.015
2818,400,39,39,86,31,10,0,0,1,0.1637,0.21214,1311.543
2819,400,38,38,92,33,17,0,0,1,0.1634,0.19609,1312.557
2820,400,36,36,107,35,11,0,0,1,0.1631,0.19312,1290.823
2821,400,44,44,116,35,7,0,0,1,0.1628,0.19324,1339.141
2822,400,42,42,101,32,6,0,0,1,0.1625,0.19543,1348.096
2823,400,38,38,96,35,6,0,0,1,0.1622,0.19338,1322.715
2824,400,35,35,88,36,5,0,0,1,0.1619,0.20571,1295.374
2825,400,37,37,85,32,12,0,0,1,0.1616,0.20329,1332.801
2826,400,40,40,92,33,16,0,0,1,0.1613,0.19968,1323.843
2827,400,42,42,99,32,7,0,0,1,0.161,0.1932,1332.956
2828,400,37,37,93,35,9,0,0,1,0.1607,0.21827,1300.813
2829,400,38,38,93,33,12,0,0,1,0.1604,0.23231,1324.078
2830,400,44,44,104,33,7,0,0,1,0.1601,0.21281,1318.331
2831,400,40,40,96,34,6,0,0,1,0.1598,0.18595,1332.321
2832,400,38,38,95,34,12,0,0,1,0.1595,0.20426,1311.254
2833,400,42,42,82,32,5,0,0,1,0.1593,0.17573,1345.833
2834,400,41,41,103,33,10,0,0,1,0.159,0.20974,1329.586
2835,400,39,39,96,36,8,0,0,1,0.1587,0.25104,1324.965
2836,400,34,34,82,33,10,0,0,1,0.1584,0.20353,1283.187
2837,400,38,38,116,33,9,0,0,1,0.1581,0.18454,1323.736
2838,400,44,44,91,32,10,0,0,1,0.1578,0.24389,1322.951
2839,400,35,35,90,33,4,0,0,1,0.1575,0.1907,1329.271
2840,400,41,41,104,32,16,0,0,1,0.1572,0.21264,1342.977
2841,400,41,41,97,33,10,0,0,1,0.1569,0.18891,1327.447
2842,400,39,39,104,31,9,0,0,1,0.1566,0.19896,1348.075
2843,400,41,41,101,32,5,0,0,1,0.1563,0.1882,1336.091
2844,400,40,40,102,31,7,0,0,1,0.156,0.17953,1349.145
2845,400,37,37,84,33,9,0,0,1,0.1557,0.18228,1325.482
2846,400,41,41,104,30,15,0,0,1,0.1554,0.18888,1352.276
2847,400,38,38,99,33,9,0,0,1,0.1551,0.21226,1340.425
2848,400,38,38,99,34,6,0,0,1,0.1548,0.19488,1346.967
2849,400,42,42,96,34,10,0,0,1,0.1545,0.196,1358.801
2850,400,39,39,100,31,11,0,0,1,0.1542,0.17187,1339.665
2851,400,37,37,92,33,12,0,0,1,0.1539,0.20151,1321.147
2852,400,39,39,95,30,12,0,0,1,0.1536,0.16331,1360.983
2853,400,41,41,107,35,11,0,0,1,0.1533,0.22152,1326.332
2854,400,38,38,100,33,7,0,0,1,0.153,0.16255,1354.064
2855,400,38,38,95,31,13,0,0,1,0.1527,0.18925,1347.12
2856,400,39,39,96,33,9,0,0,1,0.1524,0.19011,1340.179
2857,400,40,40,96,33,9,0,0,1,0.1521,0.22118,1353.233
2858,400,41,41,100,33,8,0,0,1,0.1518,0.19709,1345.806
2859,400,38,38,96,33,7,0,0,1,0.1515,0.20482,1348.665
2860,400,37,37,95,36,10,0,0,1,0.1512,0.22419,1327.588
2861,400,37,37,98,32,9,0,0,1,0.1509,0.17997,1341.359
2862,400,38,38,88,35,10,0,0,1,0.1506,0.20008,1328.978
2863,400,41,41,88,30,7,0,0,1,0.1503,0.17499,1353.8
2864,400,36,36,109,32,13,0,0,1,0.15,0.18304,1349.198
2865,400,36,36,98,35,7,0,0,1,0.1498,0.19378,1342.022
2866,400,38,38,106,33,16,0,0,1,0.1495,0.19543,1332.953
2867,400,41,41,90,31,12,0,0,1,0.1492,0.23114,1352.101
2868,400,38,38,108,31,3,0,0,1,0.1489,0.17457,1351.715
2869,400,39,39,92,35,9,0,0,1,0.1486,0.21797,1331.096
2870,400,42,42,105,31,12,0,0,1,0.1483,0.21681,1349.683
2871,400,38,38,103,33,8,0,0,1,0.148,0.23668,1340.669
2872,400,42,42,103,33,4,0,0,1,0.1477,0.20394,1340.701
2873,400,43,43,104,31,8,0,0,1,0.1474,0.19511,1375.899
2874,400,41,41,112,33,6,0,0,1,0.1471,0.18594,1373.825
2875,400,38,38,90,33,4,0,0,1,0.1468,0.17621,1353.92
2876,400,43,43,107,35,6,0,0,1,0.1465,0.1928,1370.16
2877,400,38,38,94,32,10,0,0,1,0.1462,0.17066,1354.411
2878,400,33,33,86,34,9,0,0,1,0.1459,0.1843,1339.246
2879,400,36,36,102,33,7,0,0,1,0.1456,0.16885,1354.892
2880,400,43,43,110,33,3,0,0,1,0.1453,0.17242,1373.056
2881,400,36,36,91,31,9,0,0,1,0.145,0.1906,1339.565
2882,400,37,37,105,35,5,0,0,1,0.1447,0.19269,1360.59
2883,400,41,41,95,31,8,0,0,1,0.1444,0.18785,1362.715
2884,400,41,41,102,33,11,0,0,1,0.1441,0.19447,1342.062
2885,400,39,39,104,32,7,0,0,1,0.1438,0.18979,1353.035
2886,400,37,37,93,32,11,0,0,1,0.1435,0.17337,1353.359
2887,400,41,41,107,32,6,0,0,1,0.1432,0.19656,1365.04
2888,400,40,40,99,34,8,0,0,1,0.1429,0.18456,1339.973
2889,400,38,38,93,34,7,0,0,1,0.1426,0.18754,1338.088
2890,400,44,44,105,31,13,0,0,1,0.1423,0.20701,1365.376
2891,400,39,39,90,33,8,0,0,1,0.142,0.18587,1354.042
2892,400,39,39,102,30,12,0,0,1,0.1417,0.18324,1379.575
2893,400,40,40,99,30,7,0,0,1,0.1414,0.17474,1368.706
2894,400,42,42,108,33,8,0,0,1,0.1411,0.19115,1377.352
2895,400,37,37,96,32,8,0,0,1,0.1408,0.18459,1353.453
2896,400,38,38,96,32,1,0,0,1,0.1405,0.16645,1352.407
2897,400,43,43,108,31,15,0,0,1,0.1402,0.18318,1375.177
2898,400,37,37,94,31,5,0,0,1,0.14,0.16911,1356.918
2899,400,36,36,95,31,14,0,0,1,0.1397,0.20735,1359.54
2900,400,37,37,100,35,6,0,0,1,0.1394,0.18583,1355.553
2901,400,41,41,94,31,8,0,0,1,0.1391,0.19593,1360.809
2902,400,40,40,96,33,5,0,0,1,0.1388,0.18437,1365.889
2903,400,41,41,104,35,8,0,0,1,0.1385,0.19201,1372.251
2904,400,40,40,98,31,8,0,0,1,0.1382,0.19889,1366.778
2905,400,34,34,87,31,6,0,0,1,0.1379,0.19648,1369.512
2906,400,40,40,109,32,8,0,0,1,0.1376,0.19701,1360.812
2907,400,43,43,109,34,8,0,0,1,0.1373,0.18824,1385.296
2908,400,42,42,102,30,6,0,0,1,0.137,0.16695,1379.789
2909,400,42,42,97,30,11,0,0,1,0.1367,0.18164,1389.676
2910,400,38,38,97,32,4,0,0,1,0.1364,0.16772,1368.696
2911,400,38,38,94,32,12,0,0,1,0.1361,0.18502,1370.453
2912,400,41,41,103,29,12,0,0,1,0.1358,0.1914,1380.395
2913,400,40,40,106,32,6,0,0,1,0.1355,0.17506,1375.691
2914,400,37,37,102,32,11,0,0,1,0.1352,0.17284,1376.577
2915,400,35,35,104,31,8,0,0,1,0.1349,0.19401,1373.547
2916,400,36,36,92,30,10,0,0,1,0.1346,0.2135,1371.799
2917,400,40,40,102,32,8,0,0,1,0.1343,0.1893,1380.675
2918,400,39,39,93,34,10,0,0,1,0.134,0.20768,1353.979
2919,400,42,42,101,30,5,0,0,1,0.1337,0.19867,1383.09
2920,400,43,43,108,32,6,0,0,1,0.1334,0.19473,1390.232
2921,400,40,40,96,32,6,0,0,1,0.1331,0.16456,1384.749
2922,400,36,36,99,31,5,0,0,1,0.1328,0.20897,1365.452
2923,400,41,41,93,31,7,0,0,1,0.1325,0.1881,1366.842
2924,400,42,42,110,30,9,0,0,1,0.1322,0.18955,1393.899
2925,400,43,43,96,28,8,0,0,1,0.1319,0.19345,1389.729
2926,400,40,40,97,31,3,0,0,1,0.1316,0.18795,1385.958
2927,400,39,39,101,34,6,0,0,1,0.1313,0.22419,1371.939
2928,400,41,41,96,32,14,0,0,1,0.131,0.19287,1376.972
2929,400,42,42,104,33,7,0,0,1,0.1308,0.20208,1400.205
2930,400,37,37,101,32,6,0,0,1,0.1305,0.18712,1376.273
2931,400,42,42,97,33,6,0,0,1,0.1302,0.18042,1373.663
2932,400,39,39,95,33,12,0,0,1,0.1299,0.20583,1363.283
2933,400,46,46,107,32,5,0,0,1,0.1296,0.18794,1408.803
2934,400,42,42,104,32,3,0,0,1,0.1293,0.18956,1403.596
2935,400,40,40,102,33,12,0,0,1,0.129,0.20219,1385.044
2936,400,43,43,93,30,7,0,0,1,0.1287,0.19741,1397.465
2937,400,43,43,99,30,10,0,0,1,0.1284,0.20082,1395.13
2938,400,39,39,101,31,9,0,0,1,0.1281,0.20314,1388.176
2939,400,33,33,91,34,6,0,0,1,0.1278,0.19089,1381.024
2940,400,40,40,104,33,7,0,0,1,0.1275,0.17316,1400.329
2941,400,42,42,103,30,11,0,0,1,0.1272,0.19561,1408.668
2942,400,39,39,101,30,7,0,0,1,0.1269,0.19296,1393.63
2943,400,43,43,106,32,6,0,0,1,0.1266,0.19201,1403.971
2944,400,40,40,102,34,11,0,0,1,0.1263,0.17558,1412.204
2945,400,40,40,101,35,4,0,0,1,0.126,0.17975,1410.495
2946,400,38,38,99,36,9,0,0,1,0.1257,0.21836,1376.384
2947,400,42,42,102,33,10,0,0,1,0.1254,0.18196,1393.232
2948,400,45,45,109,33,6,0,0,1,0.1251,0.21124,1408.786
2949,400,43,43,102,33,10,0,0,1,0.1248,0.19343,1407.047
2950,400,41,41,100,34,10,0,0,1,0.1245,0.20367,1404.238
2951,400,44,44,100,31,7,0,0,1,0.1242,0.18888,1403.868
2952,400,38,38,103,34,6,0,0,1,0.1239,0.18079,1402.305
2953,400,41,41,110,32,8,0,0,1,0.1236,0.16486,1422.119
2954,400,42,42,107,34,6,0,0,1,0.1233,0.18645,1421.951
2955,400,43,43,104,37,6,0,0,1,0.123,0.19934,1407.989
2956,400,40,40,102,33,4,0,0,1,0.1227,0.19908,1429.428
2957,400,40,40,96,32,10,0,0,1,0.1224,0.18194,1405.839
2958,400,38,38,100,33,6,0,0,1,0.1221,0.22077,1424.245
2959,400,39,39,105,34,5,0,0,1,0.1218,0.17683,1411.216
2960,400,40,40,92,33,4,0,0,1,0.1215,0.1892,1416.874
2961,400,47,47,113,33,8,0,0,1,0.1212,0.19672,1432.553
2962,400,40,40,102,34,5,0,0,1,0.121,0.19384,1424.659
2963,400,44,44,107,32,3,0,0,1,0.1207,0.19149,1428.99
2964,400,45,45,99,31,4,0,0,1,0.1204,0.20158,1442.855
2965,400,43,43,109,32,8,0,0,1,0.1201,0.18112,1426.47
2966,400,40,40,102,35,4,0,0,1,0.1198,0.20033,1440.277
2967,400,37,37,96,34,8,0,0,1,0.1195,0.20148,1416.136
2968,400,39,39,86,32,11,0,0,1,0.1192,0.19,1415.141
2969,400,43,43,104,32,3,0,0,1,0.1189,0.18733,1429.469
2970,400,42,42,102,33,10,0,0,1,0.1186,0.18494,1430.443
2971,400,39,39,97,32,12,0,0,1,0.1183,0.17881,1424.398
2972,400,42,42,108,33,4,0,0,1,0.118,0.19277,1428.71
2973,400,39,39,101,31,4,0,0,1,0.1177,0.175,1404.248
2974,400,42,42,103,31,7,0,0,1,0.1174,0.20532,1421.174
2975,400,37,37,88,33,7,0,0,1,0.1171,0.20345,1414.608
2976,400,47,47,115,35,11,0,0,1,0.1168,0.20484,1435.291
2977,400,37,37,94,33,8,0,0,1,0.1165,0.2152,1414.626
2978,400,40,40,102,31,2,0,0,1,0.1162,0.19572,1420.241
2979,400,42,42,112,33,4,0,0,1,0.1159,0.17625,1446.065
2980,400,40,40,102,34,4,0,0,1,0.1156,0.20803,1419.419
2981,400,43,43,97,33,3,0,0,1,0.1153,0.18434,1449.467
2982,400,37,37,101,32,8,0,0,1,0.115,0.18913,1421.659
2983,400,43,43,112,34,4,0,0,1,0.1147,0.19407,1439.689
2984,400,41,41,98,35,4,0,0,1,0.1144,0.19762,1414.879
2985,400,42,42,110,34,7,0,0,1,0.1141,0.2188,1449.896
2986,400,41,41,107,31,3,0,0,1,0.1138,0.17327,1446.581
2987,400,38,38,98,35,9,0,0,1,0.1135,0.21249,1430.823
2988,400,39,39,105,35,6,0,0,1,0.1132,0.18316,1433.722
2989,400,38,38,105,34,9,0,0,1,0.1129,0.19417,1426.26
2990,400,42,42,97,31,6,0,0,1,0.1126,0.19295,1437.986
2991,400,37,37,90,34,4,0,0,1,0.1123,0.19977,1419.065
2992,400,41,41,100,33,9,0,0,1,0.112,0.18932,1434.105
2993,400,37,37,98,35,9,0,0,1,0.1118,0.16633,1421.337
2994,400,39,39,102,33,5,0,0,1,0.1115,0.16315,1432.286
2995,400,42,42,108,33,15,0,0,1,0.1112,0.18866,1431.669
2996,400,35,35,98,32,8,0,0,1,0.1109,0.18648,1419.931
2997,400,36,36,95,34,5,0,0,1,0.1106,0.19025,1419.18
2998,400,38,38,94,32,11,0,0,1,0.1103,0.1922,1423.818
2999,400,39,39,93,33,6,0,0,1,0.11,0.20043,1414.843
3000,400,36,36,92,32,8,0,0,1,0.1097,0.17828,1440.249
3001,400,44,44,104,33,2,0,0,1,0.1094,0.18235,1454.089
3002,400,39,39,91,34,7,0,0,1,0.1091,0.16898,1428.896
3003,400,41,41,93,32,7,0,0,1,0.1088,0.18239,1432.415
3004,400,45,45,108,32,4,0,0,1,0.1085,0.16809,1450.838
3005,400,39,39,101,31,5,0,0,1,0.1082,0.1964,1442.997
3006,400,41,41,103,33,6,0,0,1,0.1079,0.20717,1426.694
3007,400,41,41,93,33,5,0,0,1,0.1076,0.16081,1431.413
3008,400,43,43,89,33,10,0,0,1,0.1073,0.18628,1425.931
3009,400,44,44,103,33,14,0,0,1,0.107,0.16315,1452.608
3010,400,43,43,105,33,7,0,0,1,0.1067,0.18677,1448.203
3011,400,42,42,97,31,11,0,0,1,0.1064,0.19368,1427.265
3012,400,43,43,96,33,3,0,0,1,0.1061,0.18103,1463.666
3013,400,41,41,103,32,4,0,0,1,0.1058,0.18091,1439.39
3014,400,37,37,99,34,6,0,0,1,0.1055,0.20022,1422.791
3015,400,41,41,102,33,10,0,0,1,0.1052,0.18225,1437.897
3016,400,41,41,104,32,7,0,0,1,0.1049,0.20028,1438.936
3017,400,39,39,102,34,4,0,0,1,0.1046,0.18977,1430.29
3018,400,45,45,113,31,5,0,0,1,0.1043,0.1813,1464.218
3019,400,36,36,98,34,3,0,0,1,0.104,0.19513,1423.531
3020,400,44,44,100,32,4,0,0,1,0.1037,0.20176,1449.954
3021,400,39,39,100,33,8,0,0,1,0.1034,0.18455,1444.407
3022,400,44,44,110,34,7,0,0,1,0.1031,0.19125,1453.805
3023,400,40,40,101,33,6,0,0,1,0.1028,0.18531,1436.986
3024,400,43,43,98,33,8,0,0,1,0.1025,0.16788,1444.17
3025,400,42,42,90,31,3,0,0,1,0.1023,0.18018,1448.625
3026,400,41,41,104,34,6,0,0,1,0.102,0.17722,1457.532
3027,400,41,41,107,32,5,0,0,1,0.1017,0.20869,1455.657
3028,400,39,39,104,35,4,0,0,1,0.1014,0.20558,1429.109
3029,400,41,41,98,35,3,0,0,1,0.1011,0.18663,1454.052
3030,400,40,40,112,34,6,0,0,1,0.1008,0.18491,1451.947
3031,400,37,37,98,31,4,0,0,1,0.1005,0.17865,1450.952
3032,400,41,41,99,30,5,0,0,1,0.1002,0.17572,1435.665
3033,400,38,38,93,32,5,0,0,1,0.0999,0.19679,1436.318
3034,400,41,41,95,34,3,0,0,1,0.0996,0.19345,1437.762
3035,400,41,41,110,32,3,0,0,1,0.0993,0.16626,1458.166
3036,400,41,41,102,33,5,0,0,1,0.099,0.2001,1430.737
3037,400,45,45,112,35,3,0,0,1,0.0987,0.18142,1469.765
3038,400,44,44,94,33,5,0,0,1,0.0984,0.1931,1457.007
3039,400,40,40,91,32,3,0,0,1,0.0981,0.18478,1459.153
3040,400,44,44,99,33,7,0,0,1,0.0978,0.18949,1447.887
3041,400,43,43,110,33,9,0,0,1,0.0975,0.2027,1458.031
3042,400,41,41,100,34,7,0,0,1,0.0972,0.21744,1449.823
3043,400,38,38,106,32,5,0,0,1,0.0969,0.19053,1451.825
3044,400,43,43,98,33,5,0,0,1,0.0966,0.20453,1461.388
3045,400,37,37,98,33,4,0,0,1,0.0963,0.18469,1450.557
3046,400,34,34,98,36,6,0,0,1,0.096,0.20816,1438.621
3047,400,44,44,117,34,4,0,0,1,0.0957,0.1995,1476.417
3048,274,27,27,82,23,5,1,1,0,0.0954,0.2343,947.92
3049,400,44,44,107,34,6,0,0,1,0.0951,0.21812,1472.792
3050,400,36,36,102,35,7,0,0,1,0.0948,0.19586,1448.12
3051,400,37,37,98,35,3,0,0,1,0.0945,0.19662,1447.297
3052,400,42,42,104,34,5,0,0,1,0.0942,0.19654,1462.047
3053,400,42,42,97,34,8,0,0,1,0.0939,0.19429,1452.244
3054,400,44,44,104,33,4,0,0,1,0.0936,0.18828,1460.847
3055,400,39,39,100,36,1,0,0,1,0.0933,0.17709,1460.264
3056,400,38,38,98,32,6,0,0,1,0.093,0.18727,1472.322
3057,400,45,45,111,34,2,0,0,1,0.0928,0.19524,1466.217
3058,400,41,41,103,32,6,0,0,1,0.0925,0.18512,1457.443
3059,400,42,42,94,31,3,0,0,1,0.0922,0.20239,1470.056
3060,400,37,37,94,32,4,0,0,1,0.0919,0.18216,1471.858
3061,400,39,39,94,35,3,0,0,1,0.0916,0.18242,1461.444
3062,400,44,44,101,33,2,0,0,1,0.0913,0.20748,1468.43
3063,400,44,44,109,31,6,0,0,1,0.091,0.19714,1490.539
3064,400,39,39,99,32,1,0,0,1,0.0907,0.15906,1464.845
3065,400,39,39,95,31,6,0,0,1,0.0904,0.17877,1452.592
3066,400,43,43,100,32,4,0,0,1,0.0901,0.2008,1462.496
3067,400,41,41,106,35,4,0,0,1,0.0898,0.18842,1455.407
3068,400,39,39,92,32,2,0,0,1,0.0895,0.17474,1449.562
3069,400,39,39,103,35,5,0,0,1,0.0892,0.18692,1454.38
3070,400,41,41,104,31,3,0,0,1,0.0889,0.18169,1474.153
3071,400,43,43,106,34,6,0,0,1,0.0886,0.2043,1468.809
3072,400,46,46,101,34,4,0,0,1,0.0883,0.20652,1487.311
3073,400,41,41,95,33,3,0,0,1,0.088,0.18002,1470.792
3074,400,43,43,99,33,1,0,0,1,0.0877,0.21295,1474.451
3075,400,44,44,106,32,0,0,0,1,0.0874,0.18309,1490.244
3076,400,38,38,98,36,2,0,0,1,0.0871,0.19297,1473.494
3077,400,42,42,108,35,6,0,0,1,0.0868,0.19784,1454.315
3078,400,43,43,99,33,5,0,0,1,0.0865,0.17303,1474.942
3079,400,43,43,109,32,1,0,0,1,0.0862,0.17749,1500.69
3080,400,40,40,101,33,6,0,0,1,0.0859,0.19351,1464.657
3081,400,43,43,101,34,2,0,0,1,0.0856,0.19067,1481.403
3082,400,41,41,99,29,3,0,0,1,0.0853,0.18951,1497.952
3083,400,44,44,110,35,3,0,0,1,0.085,0.2068,1474.269
3084,400,39,39,97,32,4,0,0,1,0.0847,0.20094,1461.409
3085,400,43,43,117,34,5,0,0,1,0.0844,0.1968,1504.712
3086,400,44,44,103,33,3,0,0,1,0.0841,0.20933,1484.789
3087,400,44,44,107,31,3,0,0,1,0.0838,0.1845,1507.947
3088,400,40,40,107,35,4,0,0,1,0.0835,0.21191,1483.075
3089,400,39,39,107,36,2,0,0,1,0.0833,0.18622,1471.733
3090,400,46,46,102,32,2,0,0,1,0.083,0.17977,1493.61
3091,400,41,41,101,31,6,0,0,1,0.0827,0.17729,1476.959
3092,400,39,39,95,34,3,0,0,1,0.0824,0.16749,1473.346
3093,400,45,45,110,33,3,0,0,1,0.0821,0.15371,1506.112
3094,400,47,47,101,33,2,0,0,1,0.0818,0.20063,1495.393
3095,400,44,44,104,35,3,0,0,1,0.0815,0.17539,1480.762
3096,400,37,37,112,32,6,0,0,1,0.0812,0.17685,1469.797
3097,400,44,44,109,34,4,0,0,1,0.0809,0.18057,1506.718
3098,400,41,41,98,34,2,0,0,1,0.0806,0.19467,1470.081
3099,400,35,35,85,33,6,0,0,1,0.0803,0.1587,1472.767
3100,400,40,40,109,34,5,0,0,1,0.08,0.16946,1503.244
3101,400,42,42,103,33,6,0,0,1,0.0797,0.18202,1504.189
3102,400,39,39,110,33,7,0,0,1,0.0794,0.179,1500.587
3103,400,42,42,97,34,2,0,0,1,0.0791,0.1991,1472.839
3104,400,41,41,98,33,3,0,0,1,0.0788,0.16591,1494.117
3105,400,39,39,97,34,2,0,0,1,0.0785,0.17306,1475.316
3106,400,40,40,108,33,2,0,0,1,0.0782,0.17014,1500.945
3107,400,44,44,104,34,10,0,0,1,0.0779,0.18365,1485.166
3108,400,40,40,99,32,5,0,0,1,0.0776,0.16343,1499.1
3109,400,44,44,105,33,3,0,0,1,0.0773,0.18188,1500.952
3110,400,41,41,101,35,4,0,0,1,0.077,0.18371,1501.885
3111,400,44,44,105,33,3,0,0,1,0.0767,0.17363,1496.793
3112,400,42,42,100,33,7,0,0,1,0.0764,0.19567,1501.401
3113,400,36,36,99,35,4,0,0,1,0.0761,0.17654,1484.195
3114,400,43,43,101,33,4,0,0,1,0.0758,0.17359,1494.162
3115,400,42,42,99,32,5,0,0,1,0.0755,0.16368,1497.088
3116,400,41,41,113,33,5,0,0,1,0.0752,0.16884,1491.293
3117,400,41,41,101,33,4,0,0,1,0.0749,0.1815,1494.556
3118,400,40,40,98,34,6,0,0,1,0.0746,0.18168,1484.477
3119,400,36,36,105,32,7,0,0,1,0.0743,0.14928,1494.184
3120,400,41,41,104,32,7,0,0,1,0.074,0.18969,1492.315
3121,400,41,41,90,35,3,0,0,1,0.0738,0.18336,1485.432
3122,400,42,42,104,34,3,0,0,1,0.0735,0.18436,1487.533
3123,400,43,43,103,35,3,0,0,1,0.0732,0.19179,1491.555
3124,400,45,45,114,32,4,0,0,1,0.0729,0.16904,1512.451
3125,400,41,41,102,35,4,0,0,1,0.0726,0.16896,1500.353
3126,400,35,35,93,32,6,0,0,1,0.0723,0.17835,1491.425
3127,400,41,41,105,34,5,0,0,1,0.072,0.17523,1494.92
3128,400,44,44,102,35,5,0,0,1,0.0717,0.17496,1513.99
3129,400,42,42,100,32,4,0,0,1,0.0714,0.18491,1497.129
3130,400,41,41,102,30,5,0,0,1,0.0711,0.1623,1519.55
3131,400,39,39,110,34,9,0,0,1,0.0708,0.19364,1496.395
3132,347,38,38,93,29,7,1,1,0,0.0705,0.20838,1261.306
3133,400,48,48,109,34,7,0,0,1,0.0702,0.20109,1505.156
3134,400,42,42,111,35,2,0,0,1,0.0699,0.18696,1507.23
3135,400,41,41,94,31,7,0,0,1,0.0696,0.19638,1485.101
3136,400,46,46,103,31,5,0,0,1,0.0693,0.17513,1512.941
3137,400,46,46,102,33,5,0,0,1,0.069,0.18979,1496.649
3138,400,38,38,92,33,4,0,0,1,0.0687,0.18635,1488.881
3139,400,44,44,102,33,2,0,0,1,0.0684,0.17903,1532.152
3140,400,42,42,99,31,2,0,0,1,0.0681,0.15836,1504.016
3141,400,43,43,103,31,7,0,0,1,0.0678,0.17743,1517.998
3142,400,44,44,112,30,3,0,0,1,0.0675,0.18762,1527.324
3143,400,41,41,109,35,3,0,0,1,0.0672,0.1841,1504.872
3144,400,42,42,98,34,8,0,0,1,0.0669,0.19047,1495.872
3145,400,41,41,98,32,6,0,0,1,0.0666,0.18786,1484.957
3146,400,40,40,109,32,4,0,0,1,0.0663,0.17536,1517.334
3147,400,43,43,98,33,6,0,0,1,0.066,0.19174,1500.633
3148,400,45,45,99,34,2,0,0,1,0.0657,0.20221,1501.142
3149,400,39,39,103,36,8,0,0,1,0.0654,0.17809,1507.732
3150,400,43,43,108,33,2,0,0,1,0.0651,0.19442,1525.524
3151,400,46,46,106,32,5,0,0,1,0.0648,0.18953,1519.183
3152,400,40,40,100,32,6,0,0,1,0.0645,0.18783,1498.119
3153,400,38,38,111,32,2,0,0,1,0.0643,0.17723,1512.345
3154,400,39,39,89,33,3,0,0,1,0.064,0.18749,1494.218
3155,400,43,43,96,33,2,0,0,1,0.0637,0.1699,1513.462
3156,400,44,44,102,36,4,0,0,1,0.0634,0.17174,1501.096
3157,400,43,43,110,35,5,0,0,1,0.0631,0.19641,1497.377
3158,400,42,42,107,34,2,0,0,1,0.0628,0.19703,1512.284
3159,65,7,7,21,6,0,1,1,0,0.0625,0.39856,200.092
3160,400,43,43,103,32,4,0,0,1,0.0622,0.18301,1508.112
3161,400,40,40,99,34,4,0,0,1,0.0619,0.17199,1517.95
3162,400,42,42,105,33,5,0,0,1,0.0616,0.17876,1529.03
3163,400,37,37,104,34,4,0,0,1,0.0613,0.16941,1500.682
3164,400,43,43,100,33,6,0,0,1,0.061,0.19101,1487.292
3165,400,41,41,95,35,3,0,0,1,0.0607,0.19889,1500.926
3166,400,37,37,100,34,2,0,0,1,0.0604,0.19398,1495.312
3167,400,38,38,94,33,3,0,0,1,0.0601,0.17964,1506.029
3168,400,41,41,106,34,4,0,0,1,0.0598,0.17398,1519.464
3169,400,40,40,102,34,2,0,0,1,0.0595,0.1842,1510.843
3170,400,44,44,117,36,1,0,0,1,0.0592,0.18468,1519.893
3171,400,41,41,97,33,4,0,0,1,0.0589,0.17436,1496.502
3172,400,37,37,110,34,3,0,0,1,0.0586,0.17052,1515.927
3173,400,46,46,101,35,1,0,0,1,0.0583,0.19991,1524.558
3174,400,46,46,103,34,5,0,0,1,0.058,0.18005,1524.866
3175,400,38,38,98,33,6,0,0,1,0.0577,0.17049,1503.754
3176,400,43,43,105,33,2,0,0,1,0.0574,0.187,1517.727
3177,400,40,40,94,33,5,0,0,1,0.0571,0.1855,1492.228
3178,400,40,40,97,33,4,0,0,1,0.0568,0.19333,1506.784
3179,400,41,41,104,34,5,0,0,1,0.0565,0.17909,1508.17
3180,400,37,37,96,35,4,0,0,1,0.0562,0.17415,1493.865
3181,400,43,43,113,35,3,0,0,1,0.0559,0.18757,1526.958
3182,400,38,38,97,34,3,0,0,1,0.0556,0.17076,1504.688
3183,400,45,45,115,33,4,0,0,1,0.0553,0.16949,1542.643
3184,400,37,37,100,37,4,0,0,1,0.055,0.167,1522.878
3185,400,48,48,112,32,5,0,0,1,0.0548,0.20022,1553.801
3186,400,40,40,105,34,1,0,0,1,0.0545,0.18608,1511.664
3187,400,40,40,98,34,3,0,0,1,0.0542,0.19744,1507.739
3188,400,41,41,112,37,4,0,0,1,0.0539,0.19077,1511.972
3189,400,45,45,113,34,2,0,0,1,0.0536,0.1839,1529.301
3190,400,48,48,111,33,2,0,0,1,0.0533,0.19094,1538.076
3191,400,44,44,108,34,3,0,0,1,0.053,0.18566,1533.123
3192,400,42,42,104,33,3,0,0,1,0.0527,0.172,1542.298
3193,400,45,45,108,32,4,0,0,1,0.0524,0.20033,1539.364
3194,400,40,40,104,34,4,0,0,1,0.0521,0.17548,1522.644
3195,400,42,42,99,34,4,0,0,1,0.0518,0.20783,1526.424
3196,400,45,45,96,32,4,0,0,1,0.0515,0.15677,1537.155
3197,400,40,40,110,32,3,0,0,1,0.0512,0.17554,1531.248
3198,400,44,44,100,34,1,0,0,1,0.0509,0.18562,1538.685
3199,400,40,40,108,36,4,0,0,1,0.0506,0.16707,1546.741
3200,400,37,37,107,34,3,0,0,1,0.0503,0.18765,1515.189
3201,400,42,42,105,35,4,0,0,1,0.05,0.17704,1539.0
3202,400,45,45,105,32,1,0,0,1,0.05,0.20638,1548.119
3203,400,37,37,102,35,2,0,0,1,0.05,0.18831,1512.095
3204,400,43,43,117,32,1,0,0,1,0.05,0.16676,1556.603
3205,400,41,41,100,32,3,0,0,1,0.05,0.17788,1527.693
3206,400,45,45,105,32,4,0,0,1,0.05,0.20664,1541.062
3207,400,44,44,102,35,2,0,0,1,0.05,0.17994,1543.427
3208,400,46,46,95,30,0,0,0,1,0.05,0.18564,1550.042
3209,400,44,44,109,34,0,0,0,1,0.05,0.20498,1530.566
3210,400,41,41,102,33,4,0,0,1,0.05,0.17024,1540.298
3211,400,42,42,109,34,1,0,0,1,0.05,0.17145,1546.119
3212,400,39,39,100,33,6,0,0,1,0.05,0.19188,1523.358
3213,400,47,47,96,31,1,0,0,1,0.05,0.18392,1588.492
3214,400,41,41,105,33,3,0,0,1,0.05,0.20423,1548.591
3215,400,35,35,99,37,1,0,0,1,0.05,0.17534,1524.799
3216,400,41,41,108,32,5,0,0,1,0.05,0.18666,1543.501
3217,400,42,42,108,32,3,0,0,1,0.05,0.16728,1546.025
3218,400,42,42,105,34,2,0,0,1,0.05,0.16689,1548.161
3219,400,41,41,97,32,2,0,0,1,0.05,0.18114,1551.573
3220,400,42,42,100,33,2,0,0,1,0.05,0.17047,1535.843
3221,400,43,43,107,35,3,0,0,1,0.05,0.17523,1546.857
3222,400,45,45,116,33,2,0,0,1,0.05,0.18616,1556.498
3223,400,43,43,105,32,2,0,0,1,0.05,0.18111,1549.062
3224,400,43,43,104,35,1,0,0,1,0.05,0.19669,1532.243
3225,400,45,45,106,35,3,0,0,1,0.05,0.17305,1565.662
3226,400,38,38,102,32,5,0,0,1,0.05,0.16247,1547.263
3227,400,43,43,111,34,4,0,0,1,0.05,0.19956,1554.245
3228,400,39,39,91,34,1,0,0,1,0.05,0.16892,1540.323
3229,400,44,44,95,32,3,0,0,1,0.05,0.16558,1553.826
3230,400,40,40,100,32,6,0,0,1,0.05,0.19106,1531.909
3231,400,39,39,109,35,3,0,0,1,0.05,0.1993,1533.363
3232,400,41,41,99,30,8,0,0,1,0.05,0.19446,1539.949
3233,400,39,39,99,34,3,0,0,1,0.05,0.16958,1530.094
3234,400,46,46,114,33,3,0,0,1,0.05,0.18602,1560.658
3235,400,41,41,107,33,6,0,0,1,0.05,0.18376,1541.528
3236,400,39,39,111,34,8,0,0,1,0.05,0.19413,1571.014
3237,400,42,42,110,35,5,0,0,1,0.05,0.18353,1539.423
3238,400,40,40,101,33,2,0,0,1,0.05,0.16725,1553.328
3239,400,43,43,98,32,4,0,0,1,0.05,0.1558,1562.444
3240,400,43,43,114,35,2,0,0,1,0.05,0.19385,1562.477
3241,400,42,42,113,32,8,0,0,1,0.05,0.16802,1548.396
3242,400,46,46,103,36,4,0,0,1,0.05,0.21859,1549.875
3243,400,41,41,108,33,5,0,0,1,0.05,0.19404,1538.892
3244,400,43,43,101,34,4,0,0,1,0.05,0.17319,1551.215
3245,400,45,45,105,33,7,0,0,1,0.05,0.18516,1564.572
3246,400,42,42,101,35,5,0,0,1,0.05,0.1829,1547.541
3247,400,41,41,101,35,6,0,0,1,0.05,0.19197,1526.183
3248,400,44,44,99,35,5,0,0,1,0.05,0.21511,1540.554
3249,400,42,42,107,36,3,0,0,1,0.05,0.17843,1545.285
3250,400,42,42,98,34,5,0,0,1,0.05,0.19392,1543.188
3251,400,41,41,110,34,2,0,0,1,0.05,0.17094,1545.638
3252,400,42,42,107,34,2,0,0,1,0.05,0.17588,1556.88
3253,400,38,38,100,33,6,0,0,1,0.05,0.19549,1545.143
3254,400,41,41,108,31,2,0,0,1,0.05,0.19439,1557.742
3255,400,43,43,113,34,6,0,0,1,0.05,0.19157,1551.406
3256,400,41,41,99,34,3,0,0,1,0.05,0.1728,1563.186
3257,400,40,40,99,33,2,0,0,1,0.05,0.1824,1549.662
3258,400,43,43,102,31,6,0,0,1,0.05,0.17451,1566.588
3259,400,39,39,100,35,4,0,0,1,0.05,0.20111,1532.56
3260,400,37,37,89,34,4,0,0,1,0.05,0.18792,1531.176
3261,400,41,41,101,33,0,0,0,1,0.05,0.161,1541.002
3262,400,43,43,111,34,2,0,0,1,0.05,0.19486,1552.661
3263,400,48,48,112,34,0,0,0,1,0.05,0.19031,1559.345
3264,400,43,43,101,35,7,0,0,1,0.05,0.1873,1542.156
3265,400,47,47,100,33,9,0,0,1,0.05,0.20702,1542.439
3266,400,43,43,99,32,3,0,0,1,0.05,0.17131,1558.766
3267,400,43,43,104,33,5,0,0,1,0.05,0.18385,1563.284
3268,400,39,39,96,35,0,0,0,1,0.05,0.18135,1545.258
3269,400,42,42,109,32,4,0,0,1,0.05,0.20844,1565.451
3270,400,40,40,106,33,3,0,0,1,0.05,0.1863,1548.006
3271,400,39,39,110,34,3,0,0,1,0.05,0.17686,1550.57
3272,400,42,42,116,34,7,0,0,1,0.05,0.18079,1565.642
3273,400,42,42,106,33,3,0,0,1,0.05,0.17983,1563.612
3274,400,38,38,105,34,1,0,0,1,0.05,0.17079,1561.193
3275,400,41,41,106,35,5,0,0,1,0.05,0.18678,1537.043
3276,400,44,44,112,34,1,0,0,1,0.05,0.16309,1570.365
3277,400,42,42,107,35,1,0,0,1,0.05,0.17659,1565.509
3278,400,45,45,102,33,4,0,0,1,0.05,0.19352,1553.874
3279,400,41,41,100,34,1,0,0,1,0.05,0.16474,1555.08
3280,400,43,43,106,33,4,0,0,1,0.05,0.17642,1558.902
3281,400,42,42,99,33,4,0,0,1,0.05,0.17839,1544.869
3282,400,41,41,103,35,3,0,0,1,0.05,0.19398,1548.973
3283,400,44,44,113,33,2,0,0,1,0.05,0.18377,1549.423
3284,400,40,40,99,34,3,0,0,1,0.05,0.18989,1555.923
3285,400,44,44,107,35,6,0,0,1,0.05,0.19298,1540.283
3286,400,42,42,101,31,3,0,0,1,0.05,0.18006,1565.451
3287,400,41,41,102,36,4,0,0,1,0.05,0.20098,1553.955
3288,400,42,42,95,33,3,0,0,1,0.05,0.18371,1559.281
3289,400,47,47,104,34,5,0,0,1,0.05,0.17727,1570.818
3290,400,41,41,111,33,2,0,0,1,0.05,0.1755,1566.069
3291,400,39,39,109,34,14,0,0,1,0.05,0.1629,1545.152
3292,400,41,41,114,36,6,0,0,1,0.05,0.19345,1549.692
3293,400,41,41,97,33,13,0,0,1,0.05,0.17029,1550.105
3294,400,39,39,98,32,12,0,0,1,0.05,0.18889,1535.76
3295,400,42,42,109,32,10,0,0,1,0.05,0.17931,1565.292
3296,400,40,40,110,32,3,0,0,1,0.05,0.16898,1568.821
3297,400,42,42,106,34,8,0,0,1,0.05,0.17685,1547.469
3298,400,43,43,107,33,14,0,0,1,0.05,0.16202,1558.339
3299,400,47,47,109,32,7,0,0,1,0.05,0.18055,1584.289
3300,400,42,42,109,34,2,0,0,1,0.05,0.18438,1562.762
3301,400,39,39,93,34,5,0,0,1,0.05,0.17862,1548.62
3302,400,43,43,107,33,7,0,0,1,0.05,0.1722,1557.083
3303,400,39,39,114,32,6,0,0,1,0.05,0.16014,1569.39
3304,400,39,39,95,35,16,0,0,1,0.05,0.16725,1549.865
3305,400,41,41,107,35,6,0,0,1,0.05,0.18829,1549.285
3306,400,42,42,115,35,9,0,0,1,0.05,0.20017,1557.741
3307,400,39,39,94,34,10,0,0,1,0.05,0.19176,1533.005
3308,400,44,44,103,33,9,0,0,1,0.05,0.17316,1557.7
3309,400,38,38,105,35,11,0,0,1,0.05,0.17231,1556.121
3310,400,46,46,107,33,5,0,0,1,0.05,0.18655,1572.308
3311,400,43,43,95,35,10,0,0,1,0.05,0.19017,1554.417
3312,400,41,41,96,34,7,0,0,1,0.05,0.17407,1556.408
3313,400,38,38,98,35,9,0,0,1,0.05,0.20052,1541.637
3314,400,45,45,118,35,8,0,0,1,0.05,0.1779,1552.608
3315,400,41,41,99,35,5,0,0,1,0.05,0.18122,1541.561
3316,400,41,41,105,32,5,0,0,1,0.05,0.17686,1557.5
3317,400,45,45,119,34,2,0,0,1,0.05,0.17308,1563.642
3318,400,43,43,108,35,6,0,0,1,0.05,0.17653,1553.107
3319,400,41,41,103,34,3,0,0,1,0.05,0.15748,1548.263
3320,400,45,45,121,33,5,0,0,1,0.05,0.17271,1574.87
3321,400,43,43,102,35,5,0,0,1,0.05,0.19749,1571.094
3322,400,47,47,109,36,5,0,0,1,0.05,0.18854,1576.892
3323,400,38,38,107,34,4,0,0,1,0.05,0.17573,1557.021
3324,400,41,41,98,31,2,0,0,1,0.05,0.1699,1557.343
3325,400,45,45,107,33,4,0,0,1,0.05,0.18837,1557.845
3326,400,40,40,98,35,5,0,0,1,0.05,0.15405,1567.26
3327,400,43,43,93,35,3,0,0,1,0.05,0.18491,1550.908
3328,400,44,44,107,34,4,0,0,1,0.05,0.2167,1559.925
3329,400,39,39,107,33,5,0,0,1,0.05,0.14408,1563.511
3330,400,40,40,102,34,6,0,0,1,0.05,0.16597,1547.644
3331,400,37,37,98,35,7,0,0,1,0.05,0.16152,1535.788
3332,400,44,44,102,35,10,0,0,1,0.05,0.17877,1565.274
3333,400,46,46,101,33,5,0,0,1,0.05,0.17601,1556.854
3334,400,43,43,115,34,5,0,0,1,0.05,0.17951,1564.653
3335,400,40,40,101,33,2,0,0,1,0.05,0.17867,1561.201
3336,400,33,33,86,35,6,0,0,1,0.05,0.17999,1539.664
3337,400,42,42,104,34,4,0,0,1,0.05,0.18309,1551.385
3338,400,46,46,113,33,7,0,0,1,0.05,0.17825,1584.813
3339,400,39,39,97,36,3,0,0,1,0.05,0.18065,1551.403
3340,400,44,44,108,31,4,0,0,1,0.05,0.16375,1581.82
3341,400,39,39,93,33,8,0,0,1,0.05,0.17432,1554.793
3342,400,43,43,113,33,5,0,0,1,0.05,0.17934,1560.059
3343,400,40,40,102,36,6,0,0,1,0.05,0.18238,1541.786
3344,400,42,42,91,31,5,0,0,1,0.05,0.15991,1570.294
3345,400,40,40,104,35,6,0,0,1,0.05,0.16457,1548.856
3346,400,37,37,102,34,4,0,0,1,0.05,0.18284,1544.254
3347,400,47,47,110,33,3,0,0,1,0.05,0.19432,1579.945
3348,400,42,42,99,33,7,0,0,1,0.05,0.17226,1564.679
3349,400,45,45,112,31,4,0,0,1,0.05,0.18125,1575.112
3350,400,42,42,100,36,3,0,0,1,0.05,0.18403,1553.983
3351,400,40,40,98,32,3,0,0,1,0.05,0.17897,1577.076
3352,400,40,40,101,36,5,0,0,1,0.05,0.18767,1558.102
3353,400,42,42,106,34,6,0,0,1,0.05,0.18226,1570.519
3354,400,44,44,104,33,4,0,0,1,0.05,0.17027,1568.395
3355,400,39,39,95,34,5,0,0,1,0.05,0.18836,1556.48
3356,400,45,45,104,32,8,0,0,1,0.05,0.19075,1565.149
3357,400,44,44,104,32,9,0,0,1,0.05,0.17754,1572.159
3358,400,46,46,106,37,6,0,0,1,0.05,0.19897,1560.676
3359,400,43,43,99,32,1,0,0,1,0.05,0.19939,1572.76
3360,400,40,40,99,34,3,0,0,1,0.05,0.17721,1554.662
3361,400,43,43,106,33,5,0,0,1,0.05,0.18746,1566.87
3362,400,40,40,103,34,6,0,0,1,0.05,0.1723,1559.717
3363,400,45,45,97,33,3,0,0,1,0.05,0.17982,1562.833
3364,400,40,40,113,33,3,0,0,1,0.05,0.16081,1580.456
3365,400,41,41,106,34,2,0,0,1,0.05,0.1702,1557.654
3366,400,43,43,102,32,7,0,0,1,0.05,0.16108,1555.001
3367,400,44,44,103,31,4,0,0,1,0.05,0.1691,1566.99
3368,400,43,43,99,33,3,0,0,1,0.05,0.17909,1558.029
3369,400,47,47,105,34,6,0,0,1,0.05,0.18484,1567.448
3370,400,46,46,99,34,3,0,0,1,0.05,0.1809,1557.839
3371,400,41,41,107,34,6,0,0,1,0.05,0.16943,1546.158
3372,400,44,44,101,34,3,0,0,1,0.05,0.17201,1563.481
3373,400,37,37,104,36,5,0,0,1,0.05,0.16215,1549.042
3374,400,44,44,114,34,8,0,0,1,0.05,0.16981,1556.332
3375,400,42,42,108,34,3,0,0,1,0.05,0.1845,1560.754
3376,400,46,46,109,34,5,0,0,1,0.05,0.17842,1572.423
3377,400,44,44,102,33,6,0,0,1,0.05,0.17884,1573.428
3378,400,38,38,109,34,4,0,0,1,0.05,0.18137,1566.551
3379,400,46,46,103,33,6,0,0,1,0.05,0.18949,1567.754
3380,400,45,45,106,36,6,0,0,1,0.05,0.17125,1564.187
3381,400,44,44,102,34,11,0,0,1,0.05,0.18059,1567.499
3382,400,42,42,118,34,8,0,0,1,0.05,0.16318,1567.791
3383,400,43,43,103,33,6,0,0,1,0.05,0.16548,1568.605
3384,400,35,35,99,35,2,0,0,1,0.05,0.17261,1549.108
3385,400,42,42,111,36,5,0,0,1,0.05,0.16837,1559.255
3386,400,43,43,104,35,2,0,0,1,0.05,0.15031,1575.66
3387,400,43,43,100,31,4,0,0,1,0.05,0.16967,1563.226
3388,400,43,43,106,34,4,0,0,1,0.05,0.1732,1564.55
3389,400,43,43,106,34,4,0,0,1,0.05,0.17919,1568.066
3390,400,41,41,106,35,4,0,0,1,0.05,0.18053,1568.103
3391,400,40,40,110,35,1,0,0,1,0.05,0.19023,1560.909
3392,400,43,43,104,32,3,0,0,1,0.05,0.15524,1589.21
3393,400,43,43,108,36,4,0,0,1,0.05,0.18818,1575.158
3394,400,41,41,108,36,4,0,0,1,0.05,0.1933,1554.339
3395,400,42,42,108,35,5,0,0,1,0.05,0.18123,1579.299
3396,400,44,44,104,35,6,0,0,1,0.05,0.22204,1547.168
3397,400,48,48,118,33,8,0,0,1,0.05,0.18609,1593.308
3398,400,45,45,117,34,5,0,0,1,0.05,0.18545,1582.464
3399,400,40,40,103,34,7,0,0,1,0.05,0.18242,1563.629
3400,400,44,44,94,33,4,0,0,1,0.05,0.1719,1574.502
3401,400,42,42,106,33,2,0,0,1,0.05,0.17128,1575.811
3402,400,40,40,102,34,7,0,0,1,0.05,0.18601,1555.624
3403,400,42,42,101,34,7,0,0,1,0.05,0.18894,1565.333
3404,400,42,42,102,36,4,0,0,1,0.05,0.18433,1568.159
3405,400,40,40,112,34,6,0,0,1,0.05,0.16004,1575.428
3406,400,45,45,105,32,0,0,0,1,0.05,0.1832,1589.779
3407,400,43,43,107,33,3,0,0,1,0.05,0.17475,1574.736
3408,400,44,44,104,35,7,0,0,1,0.05,0.19398,1563.063
3409,400,41,41,111,35,4,0,0,1,0.05,0.19094,1569.586
3410,400,45,45,117,34,3,0,0,1,0.05,0.19833,1597.394
3411,400,39,39,99,32,2,0,0,1,0.05,0.1758,1572.144
3412,400,42,42,108,34,9,0,0,1,0.05,0.1739,1570.36
3413,400,45,45,106,33,8,0,0,1,0.05,0.19149,1586.845
3414,400,37,37,101,36,6,0,0,1,0.05,0.19374,1558.003
3415,400,41,41,101,35,5,0,0,1,0.05,0.1641,1560.873
3416,400,37,37,95,34,3,0,0,1,0.05,0.15994,1563.453
3417,400,43,43,103,36,7,0,0,1,0.05,0.18525,1559.91
3418,400,42,42,102,34,6,0,0,1,0.05,0.17263,1575.149
3419,400,45,45,110,35,6,0,0,1,0.05,0.18974,1585.738
3420,400,43,43,100,37,3,0,0,1,0.05,0.20136,1568.586
3421,400,44,44,115,33,3,0,0,1,0.05,0.17428,1589.755
3422,400,40,40,112,32,1,0,0,1,0.05,0.18504,1573.855
3423,400,45,45,110,35,5,0,0,1,0.05,0.19369,1579.46
3424,400,42,42,112,35,4,0,0,1,0.05,0.16956,1582.775
3425,400,47,47,111,34,11,0,0,1,0.05,0.19486,1580.784
3426,400,42,42,100,34,1,0,0,1,0.05,0.16837,1587.013
3427,400,42,42,88,35,4,0,0,1,0.05,0.16559,1575.049
3428,400,43,43,100,32,2,0,0,1,0.05,0.16114,1587.619
3429,400,39,39,101,37,3,0,0,1,0.05,0.18625,1563.889
3430,400,40,40,101,32,9,0,0,1,0.05,0.18711,1561.457
3431,400,37,37,103,34,7,0,0,1,0.05,0.1644,1561.09
3432,400,39,39,100,34,2,0,0,1,0.05,0.1619,1557.373
3433,400,38,38,97,33,4,0,0,1,0.05,0.18469,1571.624
3434,400,44,44,108,35,7,0,0,1,0.05,0.18017,1565.41
3435,400,43,43,107,35,9,0,0,1,0.05,0.18044,1564.385
3436,400,41,41,105,35,1,0,0,1,0.05,0.18006,1565.468
3437,400,44,44,101,35,8,0,0,1,0.05,0.19547,1559.372
3438,400,47,47,111,37,4,0,0,1,0.05,0.1811,1587.837
3439,400,40,40,104,32,5,0,0,1,0.05,0.15669,1586.914
3440,400,45,45,113,36,6,0,0,1,0.05,0.18678,1590.292
3441,400,43,43,104,33,5,0,0,1,0.05,0.19209,1585.735
3442,400,41,41,95,35,3,0,0,1,0.05,0.1751,1572.09
3443,400,48,48,110,32,4,0,0,1,0.05,0.18895,1586.495
3444,400,42,42,104,32,2,0,0,1,0.05,0.17393,1596.977
3445,400,46,46,102,35,5,0,0,1,0.05,0.1866,1590.219
3446,400,40,40,110,34,5,0,0,1,0.05,0.18544,1560.406
3447,400,42,42,107,34,10,0,0,1,0.05,0.16064,1576.441
3448,400,42,42,105,36,6,0,0,1,0.05,0.1598,1581.1
3449,400,46,46,109,34,7,0,0,1,0.05,0.17496,1585.665
3450,400,41,41,102,35,5,0,0,1,0.05,0.18086,1558.021
3451,400,42,42,102,35,8,0,0,1,0.05,0.16067,1565.13
3452,73,7,7,18,7,1,1,1,0,0.05,0.36116,234.003
3453,400,44,44,107,34,5,0,0,1,0.05,0.17359,1584.106
3454,400,42,42,113,34,2,0,0,1,0.05,0.17199,1586.752
3455,400,41,41,97,32,6,0,0,1,0.05,0.18939,1566.136
3456,400,41,41,103,33,2,0,0,1,0.05,0.16467,1571.262
3457,400,44,44,97,33,6,0,0,1,0.05,0.19441,1578.96
3458,400,45,45,98,33,5,0,0,1,0.05,0.17868,1588.304
3459,400,40,40,113,34,4,0,0,1,0.05,0.17337,1581.821
3460,400,47,47,104,32,3,0,0,1,0.05,0.16196,1600.921
3461,400,42,42,105,32,7,0,0,1,0.05,0.16997,1578.772
3462,400,43,43,103,32,6,0,0,1,0.05,0.17296,1569.07
3463,400,44,44,106,35,4,0,0,1,0.05,0.18741,1566.168
3464,400,39,39,98,34,4,0,0,1,0.05,0.18151,1559.913
3465,400,42,42,111,36,2,0,0,1,0.05,0.18043,1562.268
3466,400,42,42,108,37,9,0,0,1,0.05,0.18448,1554.044
3467,400,43,43,111,32,6,0,0,1,0.05,0.17827,1582.935
3468,400,50,50,114,35,6,0,0,1,0.05,0.20433,1599.414
3469,400,41,41,111,33,5,0,0,1,0.05,0.16748,1591.087
3470,400,40,40,109,34,5,0,0,1,0.05,0.18764,1579.21
3471,400,43,43,116,33,5,0,0,1,0.05,0.17598,1596.423
3472,400,40,40,98,37,8,0,0,1,0.05,0.19041,1543.886
3473,400,36,36,97,36,3,0,0,1,0.05,0.18864,1549.058
3474,400,39,39,100,32,5,0,0,1,0.05,0.1717,1573.568
3475,400,40,40,107,35,8,0,0,1,0.05,0.16479,1570.265
3476,400,38,38,111,34,5,0,0,1,0.05,0.18224,1565.488
3477,400,46,46,104,31,3,0,0,1,0.05,0.16716,1587.638
3478,400,43,43,117,35,5,0,0,1,0.05,0.16887,1583.507
3479,400,44,44,99,34,2,0,0,1,0.05,0.17358,1588.902
3480,400,43,43,108,33,3,0,0,1,0.05,0.17716,1574.292
3481,400,43,43,102,33,4,0,0,1,0.05,0.17677,1591.177
3482,400,46,46,114,34,7,0,0,1,0.05,0.18965,1599.01
3483,400,47,47,104,34,4,0,0,1,0.05,0.20408,1588.485
3484,400,38,38,115,36,8,0,0,1,0.05,0.17518,1557.894
3485,400,43,43,101,32,4,0,0,1,0.05,0.18072,1586.424
3486,400,39,39,104,33,3,0,0,1,0.05,0.1744,1575.999
3487,400,39,39,104,34,7,0,0,1,0.05,0.1741,1557.603
3488,400,40,40,114,36,3,0,0,1,0.05,0.19499,1573.451
3489,400,43,43,114,35,6,0,0,1,0.05,0.17555,1571.416
3490,400,41,41,96,34,9,0,0,1,0.05,0.17979,1547.737
3491,400,47,47,112,35,4,0,0,1,0.05,0.1768,1577.336
3492,400,43,43,111,36,7,0,0,1,0.05,0.18789,1587.989
3493,400,39,39,100,34,5,0,0,1,0.05,0.19962,1564.334
3494,400,39,39,94,34,9,0,0,1,0.05,0.18886,1551.583
3495,400,39,39,97,34,7,0,0,1,0.05,0.19809,1565.366
3496,400,43,43,98,32,2,0,0,1,0.05,0.15491,1592.984
3497,400,40,40,101,35,5,0,0,1,0.05,0.18901,1545.13
3498,400,39,39,102,36,5,0,0,1,0.05,0.1823,1571.195
3499,400,46,46,116,35,8,0,0,1,0.05,0.18462,1587.516
3500,400,39,39,89,33,4,0,0,1,0.05,0.19206,1558.363
3501,400,39,39,107,37,7,0,0,1,0.05,0.1724,1569.943
3502,400,45,45,110,33,4,0,0,1,0.05,0.18426,1585.201
3503,400,42,42,98,36,4,0,0,1,0.05,0.17628,1561.298
3504,400,41,41,95,34,7,0,0,1,0.05,0.16869,1561.143
3505,400,44,44,98,33,6,0,0,1,0.05,0.15343,1566.017
3506,400,39,39,102,34,6,0,0,1,0.05,0.19401,1551.323
3507,400,42,42,113,35,4,0,0,1,0.05,0.18801,1565.564
3508,400,45,45,107,34,5,0,0,1,0.05,0.18862,1597.786
3509,400,41,41,93,33,4,0,0,1,0.05,0.17635,1557.045
3510,400,40,40,109,31,0,0,0,1,0.05,0.18592,1559.72
3511,400,41,41,116,34,7,0,0,1,0.05,0.2052,1572.985
3512,400,45,45,114,34,4,0,0,1,0.05,0.20145,1586.057
3513,400,42,42,109,31,4,0,0,1,0.05,0.17896,1575.615
3514,400,42,42,108,33,4,0,0,1,0.05,0.20263,1562.753
3515,400,41,41,108,33,3,0,0,1,0.05,0.16649,1556.919
3516,400,43,43,113,33,6,0,0,1,0.05,0.18179,1566.364
3517,400,38,38,88,35,5,0,0,1,0.05,0.18375,1553.992
3518,400,42,42,109,33,5,0,0,1,0.05,0.18407,1557.987
3519,400,38,38,97,34,3,0,0,1,0.05,0.16542,1564.006
3520,400,44,44,117,34,4,0,0,1,0.05,0.17623,1574.431
3521,400,43,43,101,34,7,0,0,1,0.05,0.16887,1589.264
3522,400,39,39,99,32,6,0,0,1,0.05,0.17494,1553.637
3523,400,37,37,102,34,4,0,0,1,0.05,0.16694,1566.477
3524,400,43,43,108,33,6,0,0,1,0.05,0.17662,1566.145
3525,400,37,37,93,33,7,0,0,1,0.05,0.18003,1535.991
3526,400,41,41,104,33,3,0,0,1,0.05,0.18596,1559.969
3527,400,39,39,110,34,0,0,0,1,0.05,0.1515,1567.566
3528,400,42,42,106,30,3,0,0,1,0.05,0.16869,1571.315
3529,400,41,41,101,34,4,0,0,1,0.05,0.17948,1556.682
3530,400,42,42,106,34,3,0,0,1,0.05,0.2016,1541.312
3531,400,41,41,107,35,5,0,0,1,0.05,0.17135,1560.093
3532,400,42,42,106,33,4,0,0,1,0.05,0.17134,1561.796
3533,400,43,43,112,33,1,0,0,1,0.05,0.17661,1587.33
3534,400,45,45,110,33,4,0,0,1,0.05,0.17038,1579.305
3535,400,43,43,103,34,2,0,0,1,0.05,0.16795,1573.639
3536,400,39,39,101,33,3,0,0,1,0.05,0.1953,1570.596
3537,400,39,39,103,33,6,0,0,1,0.05,0.1515,1558.977
3538,400,41,41,114,32,6,0,0,1,0.05,0.17457,1579.647
3539,400,40,40,99,34,5,0,0,1,0.05,0.16329,1563.739
3540,400,42,42,105,31,5,0,0,1,0.05,0.15982,1569.986
3541,400,44,44,115,34,6,0,0,1,0.05,0.20794,1558.753
3542,400,40,40,106,37,3,0,0,1,0.05,0.1791,1568.597
3543,400,41,41,93,35,5,0,0,1,0.05,0.19497,1541.078
3544,400,41,41,97,34,9,0,0,1,0.05,0.18532,1551.278
3545,400,43,43,104,31,6,0,0,1,0.05,0.16187,1569.404
3546,400,41,41,106,34,4,0,0,1,0.05,0.16825,1564.665
3547,400,44,44,104,33,4,0,0,1,0.05,0.16936,1582.194
3548,400,47,47,116,33,2,0,0,1,0.05,0.16938,1590.607
3549,400,47,47,113,35,2,0,0,1,0.05,0.18772,1568.499
3550,400,38,38,99,34,3,0,0,1,0.05,0.16498,1559.03
3551,400,40,40,109,34,4,0,0,1,0.05,0.18348,1564.189
3552,400,43,43,102,31,5,0,0,1,0.05,0.16629,1575.663
3553,400,39,39,105,33,4,0,0,1,0.05,0.18472,1563.989
3554,400,34,34,90,32,6,0,0,1,0.05,0.18622,1513.395
3555,400,38,38,95,33,6,0,0,1,0.05,0.18444,1553.51
3556,400,46,46,105,32,4,0,0,1,0.05,0.18888,1565.453
3557,400,41,41,108,34,5,0,0,1,0.05,0.16806,1563.333
3558,400,39,39,99,34,2,0,0,1,0.05,0.17697,1564.069
3559,400,38,38,103,34,5,0,0,1,0.05,0.17991,1553.457
3560,400,40,40,91,33,5,0,0,1,0.05,0.16764,1556.389
3561,400,43,43,104,31,5,0,0,1,0.05,0.17075,1558.424
3562,400,45,45,104,31,4,0,0,1,0.05,0.15622,1578.447
3563,400,41,41,106,33,6,0,0,1,0.05,0.19977,1559.53
3564,400,45,45,111,32,5,0,0,1,0.05,0.16495,1574.618
3565,400,44,44,113,33,5,0,0,1,0.05,0.17705,1571.557
3566,400,35,35,91,38,0,0,0,1,0.05,0.17774,1535.75
3567,400,45,45,114,32,4,0,0,1,0.05,0.18557,1576.462
3568,400,45,45,110,32,3,0,0,1,0.05,0.1838,1580.397
3569,400,42,42,112,34,1,0,0,1,0.05,0.18188,1579.293
3570,400,41,41,98,34,6,0,0,1,0.05,0.19399,1552.213
3571,400,44,44,112,32,4,0,0,1,0.05,0.17121,1589.673
3572,400,41,41,98,34,4,0,0,1,0.05,0.17198,1568.01
3573,400,43,43,98,34,7,0,0,1,0.05,0.19048,1558.917
3574,400,42,42,105,32,6,0,0,1,0.05,0.18124,1566.905
3575,400,41,41,100,34,1,0,0,1,0.05,0.17714,1558.739
3576,400,48,48,112,33,0,0,0,1,0.05,0.17551,1588.42
3577,400,40,40,102,33,4,0,0,1,0.05,0.1985,1557.4
3578,400,38,38,85,33,4,0,0,1,0.05,0.18061,1552.823
3579,400,40,40,109,34,1,0,0,1,0.05,0.17745,1569.594
3580,400,39,39,95,34,8,0,0,1,0.05,0.16091,1545.097
3581,400,41,41,115,34,2,0,0,1,0.05,0.18182,1574.735
3582,400,41,41,101,35,1,0,0,1,0.05,0.20433,1565.378
3583,400,39,39,100,34,1,0,0,1,0.05,0.15432,1560.345
3584,400,36,36,104,33,4,0,0,1,0.05,0.17568,1547.348
3585,400,46,46,105,32,5,0,0,1,0.05,0.17943,1572.119
3586,400,43,43,102,33,6,0,0,1,0.05,0.17559,1569.897
3587,400,40,40,110,31,3,0,0,1,0.05,0.15682,1578.932
3588,400,44,44,107,33,5,0,0,1,0.05,0.1858,1570.723
3589,400,42,42,101,32,6,0,0,1,0.05,0.17764,1564.554
3590,400,45,45,110,33,3,0,0,1,0.05,0.17939,1572.155
3591,400,41,41,94,32,2,0,0,1,0.05,0.19284,1559.687
3592,400,37,37,104,36,6,0,0,1,0.05,0.18468,1536.67
3593,400,41,41,95,33,2,0,0,1,0.05,0.18659,1558.388
3594,400,37,37,99,34,3,0,0,1,0.05,0.17952,1553.262
3595,400,42,42,99,32,5,0,0,1,0.05,0.17724,1575.109
3596,400,41,41,103,31,3,0,0,1,0.05,0.17345,1561.851
3597,400,44,44,102,32,4,0,0,1,0.05,0.17184,1577.182
3598,400,42,42,105,32,6,0,0,1,0.05,0.16819,1570.759
3599,400,42,42,108,35,6,0,0,1,0.05,0.16926,1564.197
3600,400,43,43,100,32,2,0,0,1,0.05,0.16511,1573.313
3601,400,45,45,103,32,4,0,0,1,0.05,0.18447,1566.034
3602,400,36,36,95,34,1,0,0,1,0.05,0.15508,1545.395
3603,400,41,41,108,33,3,0,0,1,0.05,0.1871,1568.746
3604,400,42,42,102,31,3,0,0,1,0.05,0.16372,1576.809
3605,400,37,37,103,35,9,0,0,1,0.05,0.19526,1559.954
3606,400,41,41,99,33,6,0,0,1,0.05,0.18164,1569.222
3607,400,48,48,104,33,3,0,0,1,0.05,0.17728,1576.499
3608,400,47,47,108,34,6,0,0,1,0.05,0.18581,1566.596
3609,400,44,44,108,33,6,0,0,1,0.05,0.1638,1574.521
3610,400,42,42,107,32,5,0,0,1,0.05,0.17548,1577.762
3611,400,43,43,109,33,1,0,0,1,0.05,0.17068,1580.252
3612,400,43,43,102,32,5,0,0,1,0.05,0.16162,1575.866
3613,400,38,38,109,33,2,0,0,1,0.05,0.17461,1563.827
3614,400,45,45,104,33,1,0,0,1,0.05,0.17265,1573.281
3615,400,42,42,106,32,6,0,0,1,0.05,0.16873,1580.18
3616,400,41,41,98,35,6,0,0,1,0.05,0.19222,1562.177
3617,400,43,43,99,34,5,0,0,1,0.05,0.17482,1558.918
3618,400,42,42,114,33,6,0,0,1,0.05,0.19605,1566.347
3619,400,40,40,103,32,4,0,0,1,0.05,0.15098,1582.644
3620,400,39,39,102,33,7,0,0,1,0.05,0.17499,1553.523
3621,400,42,42,107,33,4,0,0,1,0.05,0.16986,1582.146
3622,400,37,37,102,33,1,0,0,1,0.05,0.16283,1560.104
3623,400,37,37,100,31,4,0,0,1,0.05,0.14199,1569.87
3624,400,44,44,103,32,6,0,0,1,0.05,0.17559,1569.61
3625,400,47,47,113,32,4,0,0,1,0.05,0.17183,1592.944
3626,400,40,40,111,32,3,0,0,1,0.05,0.17241,1552.607
3627,400,43,43,98,32,5,0,0,1,0.05,0.2126,1556.584
3628,400,40,40,98,32,1,0,0,1,0.05,0.16516,1558.268
3629,400,43,43,105,32,6,0,0,1,0.05,0.17666,1565.419
3630,400,39,39,102,33,1,0,0,1,0.05,0.17298,1572.091
3631,400,43,43,106,32,2,0,0,1,0.05,0.17697,1565.523
3632,400,41,41,105,33,3,0,0,1,0.05,0.18663,1576.473
3633,400,42,42,97,32,3,0,0,1,0.05,0.16055,1565.648
3634,400,44,44,108,31,3,0,0,1,0.05,0.1715,1572.716
3635,400,43,43,105,33,2,0,0,1,0.05,0.1751,1578.685
3636,400,42,42,103,33,5,0,0,1,0.05,0.17739,1569.025
3637,400,44,44,106,33,3,0,0,1,0.05,0.17989,1578.896
3638,400,42,42,103,34,3,0,0,1,0.05,0.20615,1559.398
3639,400,45,45,105,31,3,0,0,1,0.05,0.17685,1587.074
3640,400,41,41,109,33,5,0,0,1,0.05,0.16693,1572.451
3641,400,42,42,113,34,7,0,0,1,0.05,0.16574,1569.895
3642,400,43,43,119,34,5,0,0,1,0.05,0.18323,1571.049
3643,400,42,42,102,33,4,0,0,1,0.05,0.16975,1571.636
3644,400,39,39,109,34,7,0,0,1,0.05,0.19228,1556.525
3645,400,43,43,98,34,3,0,0,1,0.05,0.18451,1549.275
3646,400,43,43,108,34,2,0,0,1,0.05,0.19043,1566.263
3647,400,42,42,103,33,2,0,0,1,0.05,0.1605,1582.604
3648,400,45,45,110,32,3,0,0,1,0.05,0.17979,1581.555
3649,400,44,44,109,31,1,0,0,1,0.05,0.16991,1588.609
3650,400,42,42,106,33,2,0,0,1,0.05,0.17948,1576.433
3651,400,44,44,106,32,4,0,0,1,0.05,0.16857,1593.329
3652,400,39,39,98,35,4,0,0,1,0.05,0.18845,1549.623
3653,5,0,0,0,1,1,1,1,0,0.05,3.41303,-35.706
3654,400,43,43,95,34,1,0,0,1,0.05,0.17049,1581.363
3655,400,41,41,102,32,1,0,0,1,0.05,0.16852,1577.803
3656,400,44,44,103,31,4,0,0,1,0.05,0.16572,1584.854
3657,400,37,37,99,33,6,0,0,1,0.05,0.17278,1560.059
3658,400,41,41,106,34,3,0,0,1,0.05,0.17006,1568.609
3659,400,42,42,101,33,7,0,0,1,0.05,0.18773,1550.695
3660,400,39,39,103,32,3,0,0,1,0.05,0.16466,1568.029
3661,400,42,42,99,31,0,0,0,1,0.05,0.15036,1574.03
3662,400,40,40,104,32,5,0,0,1,0.05,0.16559,1565.371
3663,400,44,44,112,34,5,0,0,1,0.05,0.1734,1577.651
3664,400,42,42,107,33,5,0,0,1,0.05,0.16251,1567.579
3665,400,45,45,104,30,6,0,0,1,0.05,0.16414,1586.426
3666,400,42,42,106,32,5,0,0,1,0.05,0.16739,1577.114
3667,400,39,39,101,35,5,0,0,1,0.05,0.19198,1553.05
3668,400,39,39,104,34,3,0,0,1,0.05,0.20343,1544.947
3669,400,43,43,101,30,4,0,0,1,0.05,0.16093,1584.164
3670,400,42,42,100,32,5,0,0,1,0.05,0.19003,1581.853
3671,400,39,39,100,32,6,0,0,1,0.05,0.17073,1561.677
3672,400,43,43,104,32,3,0,0,1,0.05,0.18469,1574.652
3673,400,41,41,99,33,3,0,0,1,0.05,0.16997,1562.39
3674,400,41,41,97,34,4,0,0,1,0.05,0.18076,1569.926
3675,400,41,41,107,33,4,0,0,1,0.05,0.16535,1580.472
3676,400,40,40,102,34,6,0,0,1,0.05,0.18153,1559.052
3677,400,38,38,97,33,0,0,0,1,0.05,0.15308,1574.025
3678,400,37,37,101,34,8,0,0,1,0.05,0.15463,1545.086
3679,400,45,45,108,35,1,0,0,1,0.05,0.17305,1577.507
3680,400,41,41,105,33,6,0,0,1,0.05,0.17889,1561.958
3681,400,45,45,112,35,0,0,0,1,0.05,0.19063,1573.076
3682,400,43,43,104,32,6,0,0,1,0.05,0.14563,1580.521
3683,400,43,43,105,32,0,0,0,1,0.05,0.16253,1583.041
3684,400,40,40,104,35,4,0,0,1,0.05,0.17762,1560.687
3685,400,44,44,110,34,6,0,0,1,0.05,0.16963,1566.812
3686,400,41,41,103,32,2,0,0,1,0.05,0.1542,1576.046
3687,400,41,41,94,33,7,0,0,1,0.05,0.18204,1557.354
3688,400,44,44,102,33,4,0,0,1,0.05,0.16826,1574.482
3689,400,40,40,101,33,6,0,0,1,0.05,0.15893,1562.676
3690,400,44,44,113,32,5,0,0,1,0.05,0.15759,1574.3
3691,400,42,42,115,33,2,0,0,1,0.05,0.16017,1582.326
3692,400,44,44,102,31,4,0,0,1,0.05,0.1495,1588.532
3693,400,41,41,109,36,2,0,0,1,0.05,0.18113,1567.651
3694,400,40,40,105,34,4,0,0,1,0.05,0.16048,1567.622
3695,400,37,37,101,33,7,0,0,1,0.05,0.18036,1561.58
3696,400,40,40,105,33,5,0,0,1,0.05,0.17593,1560.86
3697,172,19,19,56,15,2,1,1,0,0.05,0.2504,638.021
3698,400,44,44,110,35,2,0,0,1,0.05,0.17096,1567.907
3699,400,40,40,105,34,2,0,0,1,0.05,0.15953,1585.517
3700,400,43,43,103,33,5,0,0,1,0.05,0.16719,1579.792
3701,400,45,45,104,32,6,0,0,1,0.05,0.17889,1576.289
3702,400,42,42,99,30,2,0,0,1,0.05,0.15958,1577.387
3703,400,43,43,114,35,4,0,0,1,0.05,0.16584,1573.843
3704,400,44,44,105,32,3,0,0,1,0.05,0.1537,1588.542
3705,400,44,44,95,33,7,0,0,1,0.05,0.17077,1573.554
3706,400,42,42,104,33,3,0,0,1,0.05,0.17704,1577.584
3707,400,39,39,100,35,5,0,0,1,0.05,0.17316,1551.756
3708,400,46,46,108,33,2,0,0,1,0.05,0.18123,1577.69
3709,400,44,44,105,32,5,0,0,1,0.05,0.16727,1589.805
3710,400,41,41,109,32,4,0,0,1,0.05,0.20582,1565.101
3711,400,42,42,103,33,5,0,0,1,0.05,0.18276,1556.532
3712,400,46,46,100,33,5,0,0,1,0.05,0.20191,1582.213
3713,400,41,41,109,34,5,0,0,1,0.05,0.16405,1578.305
3714,400,41,41,94,33,6,0,0,1,0.05,0.15452,1569.257
3715,400,46,46,108,32,2,0,0,1,0.05,0.1908,1573.902
3716,400,41,41,105,33,8,0,0,1,0.05,0.17079,1563.747
3717,400,38,38,99,33,2,0,0,1,0.05,0.17101,1567.18
3718,400,42,42,112,36,5,0,0,1,0.05,0.18708,1553.866
3719,400,39,39,99,35,1,0,0,1,0.05,0.17981,1562.141
3720,400,46,46,114,32,4,0,0,1,0.05,0.16097,1598.606
3721,400,41,41,99,31,7,0,0,1,0.05,0.17889,1577.89
3722,400,43,43,105,33,5,0,0,1,0.05,0.17269,1576.469
3723,400,42,42,107,34,3,0,0,1,0.05,0.17161,1579.683
3724,400,39,39,100,34,7,0,0,1,0.05,0.1943,1563.618
3725,400,42,42,114,31,5,0,0,1,0.05,0.17567,1592.842
3726,400,43,43,107,33,8,0,0,1,0.05,0.19722,1568.092
3727,400,41,41,99,33,5,0,0,1,0.05,0.16713,1582.284
3728,400,44,44,105,31,4,0,0,1,0.05,0.17588,1589.083
3729,400,39,39,91,32,2,0,0,1,0.05,0.16998,1567.1
3730,400,43,43,101,33,3,0,0,1,0.05,0.18044,1573.703
3731,400,43,43,113,33,4,0,0,1,0.05,0.17485,1587.891
3732,400,43,43,96,33,6,0,0,1,0.05,0.16998,1570.182
3733,400,40,40,104,35,4,0,0,1,0.05,0.19294,1559.736
3734,400,46,46,100,34,6,0,0,1,0.05,0.19383,1565.791
3735,400,41,41,102,35,8,0,0,1,0.05,0.17383,1562.718
3736,400,39,39,111,33,7,0,0,1,0.05,0.16921,1563.256
3737,400,45,45,98,31,2,0,0,1,0.05,0.15871,1589.753
3738,400,44,44,114,33,5,0,0,1,0.05,0.18838,1572.712
3739,400,45,45,112,31,0,0,0,1,0.05,0.17199,1605.545
3740,400,43,43,102,32,5,0,0,1,0.05,0.17589,1576.093
3741,400,38,38,103,34,1,0,0,1,0.05,0.16102,1564.452
3742,400,41,41,109,34,4,0,0,1,0.05,0.2041,1557.357
3743,400,42,42,99,33,4,0,0,1,0.05,0.15637,1582.65
3744,400,42,42,98,30,3,0,0,1,0.05,0.17288,1576.826
3745,400,43,43,105,33,3,0,0,1,0.05,0.17694,1575.269
3746,400,39,39,111,35,4,0,0,1,0.05,0.17751,1558.252
3747,400,41,41,105,32,4,0,0,1,0.05,0.15906,1579.317
3748,400,42,42,113,35,5,0,0,1,0.05,0.18891,1571.648
3749,400,40,40,109,34,3,0,0,1,0.05,0.17575,1580.578
3750,400,43,43,113,34,1,0,0,1,0.05,0.18913,1563.05
3751,400,43,43,109,34,4,0,0,1,0.05,0.17175,1592.913
3752,400,42,42,105,32,4,0,0,1,0.05,0.16574,1588.92
3753,400,46,46,105,34,6,0,0,1,0.05,0.17532,1562.324
3754,400,39,39,100,33,7,0,0,1,0.05,0.18787,1566.282
3755,400,40,40,103,33,9,0,0,1,0.05,0.18194,1565.053
3756,400,40,40,104,34,5,0,0,1,0.05,0.19328,1562.724
3757,400,42,42,97,31,5,0,0,1,0.05,0.16545,1583.473
3758,400,38,38,107,33,3,0,0,1,0.05,0.17484,1556.476
3759,400,45,45,111,34,3,0,0,1,0.05,0.16715,1590.926
3760,400,36,36,100,36,5,0,0,1,0.05,0.17637,1548.834
3761,400,43,43,103,31,5,0,0,1,0.05,0.18321,1586.666
3762,400,45,45,96,34,2,0,0,1,0.05,0.19452,1589.92
3763,400,37,37,99,35,5,0,0,1,0.05,0.16473,1559.753
3764,400,43,43,108,37,5,0,0,1,0.05,0.18684,1576.416
3765,400,44,44,107,33,6,0,0,1,0.05,0.17356,1588.147
3766,400,41,41,110,32,2,0,0,1,0.05,0.18963,1581.748
3767,400,43,43,116,32,3,0,0,1,0.05,0.17016,1586.396
3768,400,42,42,106,35,5,0,0,1,0.05,0.18184,1576.996
3769,400,41,41,109,33,1,0,0,1,0.05,0.17195,1592.242
3770,400,45,45,110,34,5,0,0,1,0.05,0.17306,1590.85
3771,400,42,42,103,32,6,0,0,1,0.05,0.17491,1566.08
3772,400,45,45,116,35,4,0,0,1,0.05,0.15811,1594.069
3773,400,41,41,107,36,4,0,0,1,0.05,0.14986,1582.597
3774,400,40,40,103,35,3,0,0,1,0.05,0.20845,1567.587
3775,400,46,46,110,33,7,0,0,1,0.05,0.17835,1589.637
3776,400,37,37,101,34,8,0,0,1,0.05,0.16356,1560.036
3777,400,46,46,114,33,6,0,0,1,0.05,0.1546,1610.165
3778,400,43,43,106,34,3,0,0,1,0.05,0.1925,1564.175
3779,400,42,42,107,33,8,0,0,1,0.05,0.18598,1577.078
3780,400,42,42,107,32,2,0,0,1,0.05,0.16945,1582.712
3781,400,40,40,111,36,5,0,0,1,0.05,0.19331,1581.652
3782,400,37,37,93,34,4,0,0,1,0.05,0.16163,1562.584
3783,400,42,42,107,34,6,0,0,1,0.05,0.17736,1578.178
3784,400,42,42,106,35,5,0,0,1,0.05,0.18847,1571.429
3785,400,41,41,111,37,3,0,0,1,0.05,0.1941,1573.612
3786,400,43,43,110,32,5,0,0,1,0.05,0.16963,1586.545
3787,400,44,44,103,34,4,0,0,1,0.05,0.18687,1601.302
3788,400,37,37,95,35,5,0,0,1,0.05,0.1789,1565.19
3789,400,41,41,99,31,3,0,0,1,0.05,0.18217,1581.374
3790,400,38,38,103,32,4,0,0,1,0.05,0.17982,1585.844
3791,400,42,42,104,32,6,0,0,1,0.05,0.1695,1584.518
3792,400,38,38,97,35,4,0,0,1,0.05,0.15201,1565.573
3793,400,42,42,100,33,1,0,0,1,0.05,0.16864,1593.547
3794,400,38,38,99,32,5,0,0,1,0.05,0.16598,1579.328
3795,400,44,44,101,33,2,0,0,1,0.05,0.17614,1597.69
3796,400,40,40,96,36,5,0,0,1,0.05,0.19133,1552.628
3797,400,41,41,109,34,4,0,0,1,0.05,0.17046,1570.549
3798,400,40,40,96,34,4,0,0,1,0.05,0.17576,1562.646
3799,400,43,43,102,33,8,0,0,1,0.05,0.18087,1567.571
3800,400,40,40,100,34,2,0,0,1,0.05,0.1864,1572.997
3801,400,40,40,95,32,5,0,0,1,0.05,0.17659,1563.944
3802,400,44,44,111,33,5,0,0,1,0.05,0.1596,1580.853
3803,400,41,41,95,33,3,0,0,1,0.05,0.17571,1568.683
3804,400,42,42,102,34,4,0,0,1,0.05,0.18088,1566.426
3805,400,43,43,95,32,6,0,0,1,0.05,0.17048,1570.281
3806,400,42,42,107,33,4,0,0,1,0.05,0.18361,1570.686
3807,400,44,44,111,33,7,0,0,1,0.05,0.17749,1585.227
3808,400,43,43,104,32,7,0,0,1,0.05,0.1771,1576.61
3809,400,43,43,113,33,5,0,0,1,0.05,0.17107,1581.429
3810,400,43,43,110,33,4,0,0,1,0.05,0.19161,1570.295
3811,400,43,43,101,33,7,0,0,1,0.05,0.16773,1579.726
3812,400,43,43,103,32,9,0,0,1,0.05,0.17951,1579.714
3813,400,43,43,100,34,5,0,0,1,0.05,0.19689,1584.828
3814,400,40,40,101,33,6,0,0,1,0.05,0.17541,1566.212
3815,400,41,41,105,32,6,0,0,1,0.05,0.15966,1573.45
3816,400,42,42,100,34,4,0,0,1,0.05,0.18595,1582.455
3817,400,37,37,90,32,8,0,0,1,0.05,0.17258,1565.25
3818,400,43,43,111,32,4,0,0,1,0.05,0.17711,1574.633
3819,400,41,41,101,35,4,0,0,1,0.05,0.18639,1571.16
3820,400,43,43,109,36,5,0,0,1,0.05,0.18239,1567.219
3821,400,46,46,107,32,5,0,0,1,0.05,0.17567,1589.923
3822,400,41,41,108,33,6,0,0,1,0.05,0.167,1576.916
3823,400,42,42,97,35,3,0,0,1,0.05,0.18377,1583.058
3824,400,44,44,95,33,4,0,0,1,0.05,0.16519,1575.469
3825,400,45,45,110,35,3,0,0,1,0.05,0.1773,1584.705
3826,400,45,45,94,34,7,0,0,1,0.05,0.19896,1588.694
3827,400,38,38,92,32,5,0,0,1,0.05,0.18948,1556.35
3828,400,43,43,114,35,3,0,0,1,0.05,0.18892,1579.473
3829,400,44,44,105,32,4,0,0,1,0.05,0.18178,1593.068
3830,400,40,40,94,32,5,0,0,1,0.05,0.16346,1583.375
3831,400,46,46,109,32,4,0,0,1,0.05,0.17327,1597.072
3832,400,44,44,109,36,2,0,0,1,0.05,0.20588,1583.103
3833,400,38,38,112,36,4,0,0,1,0.05,0.18142,1556.018
3834,400,42,42,108,34,5,0,0,1,0.05,0.17803,1584.644
3835,400,37,37,98,36,5,0,0,1,0.05,0.18028,1563.61
3836,400,40,40,110,33,3,0,0,1,0.05,0.18101,1567.394
3837,400,41,41,107,33,2,0,0,1,0.05,0.15527,1587.913
3838,400,39,39,101,35,3,0,0,1,0.05,0.15391,1570.678
3839,400,42,42,95,33,1,0,0,1,0.05,0.18354,1566.564
3840,400,37,37,109,37,3,0,0,1,0.05,0.16531,1558.674
3841,400,39,39,108,34,3,0,0,1,0.05,0.16415,1564.963
3842,400,39,39,101,32,6,0,0,1,0.05,0.16567,1563.646
3843,400,40,40,103,32,1,0,0,1,0.05,0.1584,1584.968
3844,400,44,44,104,34,5,0,0,1,0.05,0.17099,1583.228
3845,400,40,40,110,31,6,0,0,1,0.05,0.16296,1571.282
3846,400,38,38,100,34,2,0,0,1,0.05,0.19111,1545.092
3847,400,39,39,99,33,5,0,0,1,0.05,0.17317,1563.164
3848,400,38,38,111,36,3,0,0,1,0.05,0.17388,1566.256
3849,400,42,42,109,34,6,0,0,1,0.05,0.16604,1564.668
3850,400,41,41,111,35,3,0,0,1,0.05,0.17097,1579.963
3851,400,44,44,106,32,3,0,0,1,0.05,0.17125,1574.689
3852,400,44,44,95,32,1,0,0,1,0.05,0.18925,1566.312
3853,400,39,39,100,35,1,0,0,1,0.05,0.18056,1548.847
3854,400,45,45,93,31,3,0,0,1,0.05,0.16503,1584.994
3855,400,42,42,100,33,3,0,0,1,0.05,0.16457,1564.725
3856,400,40,40,100,34,2,0,0,1,0.05,0.1881,1550.105
3857,400,40,40,98,32,3,0,0,1,0.05,0.1599,1572.481
3858,400,37,37,103,35,2,0,0,1,0.05,0.16151,1564.639
3859,400,42,42,109,35,4,0,0,1,0.05,0.19241,1574.446
3860,400,44,44,105,31,1,0,0,1,0.05,0.17652,1577.823
3861,400,45,45,103,34,4,0,0,1,0.05,0.17536,1591.406
3862,400,39,39,100,32,3,0,0,1,0.05,0.17159,1583.838
3863,400,45,45,104,35,3,0,0,1,0.05,0.19322,1572.824
3864,400,41,41,103,35,5,0,0,1,0.05,0.1859,1568.634
3865,400,44,44,93,34,5,0,0,1,0.05,0.18629,1580.564
3866,400,41,41,101,34,0,0,0,1,0.05,0.16321,1590.569
3867,400,38,38,88,32,4,0,0,1,0.05,0.16276,1568.287
3868,400,44,44,111,32,4,0,0,1,0.05,0.18016,1587.872
3869,400,38,38,108,33,3,0,0,1,0.05,0.17011,1570.6
3870,400,42,42,111,34,7,0,0,1,0.05,0.15258,1577.66
3871,400,38,38,97,37,1,0,0,1,0.05,0.17677,1553.148
3872,400,40,40,92,35,7,0,0,1,0.05,0.17158,1553.077
3873,400,42,42,91,31,5,0,0,1,0.05,0.16969,1574.799
3874,400,40,40,115,34,1,0,0,1,0.05,0.16723,1581.629
3875,400,46,46,118,36,2,0,0,1,0.05,0.16005,1582.038
3876,400,44,44,111,35,4,0,0,1,0.05,0.1595,1576.028
3877,400,43,43,110,34,4,0,0,1,0.05,0.16847,1590.182
3878,400,45,45,110,34,5,0,0,1,0.05,0.16904,1589.057
3879,400,44,44,101,36,2,0,0,1,0.05,0.16561,1584.829
3880,400,42,42,102,32,5,0,0,1,0.05,0.17302,1561.67
3881,400,42,42,99,31,0,0,0,1,0.05,0.15037,1575.593
3882,400,45,45,101,32,3,0,0,1,0.05,0.18665,1572.483
3883,400,40,40,114,34,1,0,0,1,0.05,0.16641,1569.68
3884,400,44,44,102,32,7,0,0,1,0.05,0.16972,1590.479
3885,400,43,43,95,34,5,0,0,1,0.05,0.19696,1571.39
3886,400,43,43,105,32,4,0,0,1,0.05,0.18052,1576.535
3887,400,38,38,93,35,3,0,0,1,0.05,0.17481,1554.473
3888,400,45,45,109,33,7,0,0,1,0.05,0.16847,1585.462
3889,400,45,45,109,34,6,0,0,1,0.05,0.18359,1576.987
3890,400,43,43,101,32,5,0,0,1,0.05,0.16604,1572.756
3891,400,40,40,110,34,2,0,0,1,0.05,0.17431,1589.549
3892,400,42,42,96,31,2,0,0,1,0.05,0.15507,1591.331
3893,400,40,40,98,35,6,0,0,1,0.05,0.1734,1574.583
3894,400,43,43,105,32,10,0,0,1,0.05,0.19584,1574.543
3895,400,43,43,104,33,1,0,0,1,0.05,0.19489,1579.766
3896,400,43,43,101,33,6,0,0,1,0.05,0.18092,1565.789
3897,400,41,41,94,33,2,0,0,1,0.05,0.1745,1565.128
3898,400,45,45,109,34,1,0,0,1,0.05,0.16254,1600.589
3899,400,44,44,107,30,2,0,0,1,0.05,0.17065,1571.132
3900,400,37,37,99,34,6,0,0,1,0.05,0.15276,1559.258
3901,400,43,43,111,32,3,0,0,1,0.05,0.16149,1580.63
3902,400,39,39,103,33,2,0,0,1,0.05,0.18495,1567.899
3903,400,40,40,105,34,6,0,0,1,0.05,0.17206,1575.535
3904,400,40,40,107,36,2,0,0,1,0.05,0.19638,1557.941
3905,400,40,40,108,32,4,0,0,1,0.05,0.18781,1592.499
3906,400,39,39,96,32,2,0,0,1,0.05,0.16578,1570.21
3907,400,43,43,104,35,3,0,0,1,0.05,0.18346,1564.5
3908,400,43,43,108,33,2,0,0,1,0.05,0.15399,1591.566
3909,400,43,43,107,32,1,0,0,1,0.05,0.17628,1576.527
3910,400,40,40,102,33,1,0,0,1,0.05,0.15668,1575.908
3911,400,41,41,99,35,2,0,0,1,0.05,0.17668,1547.099
3912,400,45,45,122,33,3,0,0,1,0.05,0.18272,1583.145
3913,400,47,47,116,31,7,0,0,1,0.05,0.1695,1594.019
3914,400,43,43,114,32,3,0,0,1,0.05,0.16795,1597.636
3915,400,40,40,96,32,3,0,0,1,0.05,0.16694,1574.588
3916,400,44,44,102,32,2,0,0,1,0.05,0.18767,1582.566
3917,400,41,41,98,34,5,0,0,1,0.05,0.17486,1582.484
3918,400,37,37,105,34,3,0,0,1,0.05,0.16844,1567.478
3919,400,41,41,98,34,7,0,0,1,0.05,0.17547,1566.325
3920,400,45,45,109,34,2,0,0,1,0.05,0.16356,1587.358
3921,400,47,47,98,32,2,0,0,1,0.05,0.17792,1586.29
3922,400,42,42,106,32,5,0,0,1,0.05,0.16366,1590.241
3923,400,38,38,101,34,5,0,0,1,0.05,0.16493,1560.067
3924,400,43,43,116,33,4,0,0,1,0.05,0.17192,1598.475
3925,400,43,43,104,32,5,0,0,1,0.05,0.16037,1598.054
3926,400,45,45,104,32,3,0,0,1,0.05,0.19862,1589.873
3927,400,37,37,105,36,6,0,0,1,0.05,0.16253,1562.166
3928,400,43,43,104,34,3,0,0,1,0.05,0.16978,1583.827
3929,400,40,40,98,33,2,0,0,1,0.05,0.17027,1562.34
3930,400,45,45,104,32,1,0,0,1,0.05,0.15975,1598.332
3931,400,41,41,106,34,3,0,0,1,0.05,0.159,1581.754
3932,400,43,43,109,34,0,0,0,1,0.05,0.18068,1574.847
3933,400,43,43,97,31,5,0,0,1,0.05,0.16852,1584.931
3934,400,47,47,112,34,1,0,0,1,0.05,0.16875,1597.469
3935,400,40,40,105,34,3,0,0,1,0.05,0.14533,1579.334
3936,400,41,41,103,34,8,0,0,1,0.05,0.17291,1556.033
3937,400,40,40,108,34,2,0,0,1,0.05,0.17289,1563.384
3938,400,42,42,108,33,4,0,0,1,0.05,0.16559,1583.887
3939,400,40,40,102,35,1,0,0,1,0.05,0.16965,1575.257
3940,400,43,43,97,33,6,0,0,1,0.05,0.1465,1584.624
3941,400,41,41,99,34,2,0,0,1,0.05,0.17935,1580.61
3942,400,43,43,111,33,4,0,0,1,0.05,0.15443,1605.862
3943,400,45,45,105,34,2,0,0,1,0.05,0.16696,1590.946
3944,400,39,39,98,33,4,0,0,1,0.05,0.17575,1570.404
3945,400,41,41,106,35,3,0,0,1,0.05,0.18007,1578.772
3946,400,42,42,107,35,4,0,0,1,0.05,0.17344,1585.326
3947,400,44,44,125,33,5,0,0,1,0.05,0.17318,1613.6
3948,400,43,43,101,31,3,0,0,1,0.05,0.17358,1592.338
3949,400,41,41,98,32,3,0,0,1,0.05,0.15924,1596.828
3950,400,41,41,106,34,2,0,0,1,0.05,0.16089,1588.711
3951,400,41,41,90,34,3,0,0,1,0.05,0.17901,1584.73
3952,400,37,37,103,33,3,0,0,1,0.05,0.16908,1587.104
3953,400,46,46,108,36,1,0,0,1,0.05,0.17622,1595.031
3954,400,41,41,101,32,7,0,0,1,0.05,0.1663,1581.863
3955,400,39,39,98,34,2,0,0,1,0.05,0.16374,1579.675
3956,400,37,37,108,33,2,0,0,1,0.05,0.18564,1570.515
3957,400,39,39,103,36,3,0,0,1,0.05,0.16397,1579.092
3958,400,43,43,105,33,1,0,0,1,0.05,0.18491,1594.746
3959,400,41,41,106,33,1,0,0,1,0.05,0.17987,1587.806
3960,400,45,45,98,32,2,0,0,1,0.05,0.16491,1594.151
3961,400,41,41,106,33,4,0,0,1,0.05,0.17613,1597.937
3962,400,45,45,106,34,2,0,0,1,0.05,0.16662,1590.383
3963,400,43,43,106,31,5,0,0,1,0.05,0.1799,1589.152
3964,400,44,44,102,33,5,0,0,1,0.05,0.16699,1587.052
3965,400,37,37,99,34,6,0,0,1,0.05,0.17662,1573.691
3966,400,42,42,98,32,4,0,0,1,0.05,0.16384,1588.927
3967,400,43,43,104,33,1,0,0,1,0.05,0.15502,1597.133
3968,400,44,44,103,36,2,0,0,1,0.05,0.18308,1587.176
3969,400,43,43,107,33,1,0,0,1,0.05,0.16379,1588.028
3970,400,39,39,96,34,5,0,0,1,0.05,0.18949,1560.613
3971,400,39,39,96,34,5,0,0,1,0.05,0.16098,1574.269
3972,400,41,41,114,33,3,0,0,1,0.05,0.17126,1592.378
3973,400,43,43,105,36,5,0,0,1,0.05,0.17021,1579.755
3974,400,42,42,105,33,8,0,0,1,0.05,0.17118,1586.318
3975,400,44,44,105,35,5,0,0,1,0.05,0.17346,1587.359
3976,400,41,41,107,34,8,0,0,1,0.05,0.18405,1576.476
3977,400,41,41,103,35,3,0,0,1,0.05,0.19135,1578.881
3978,400,40,40,107,34,3,0,0,1,0.05,0.16351,1582.229
3979,400,41,41,107,33,3,0,0,1,0.05,0.17082,1587.466
3980,400,43,43,115,31,5,0,0,1,0.05,0.18709,1596.684
3981,400,38,38,103,33,6,0,0,1,0.05,0.15921,1580.721
3982,400,43,43,100,33,3,0,0,1,0.05,0.15468,1598.661
3983,400,36,36,103,35,2,0,0,1,0.05,0.18221,1575.647
3984,400,44,44,110,32,5,0,0,1,0.05,0.18466,1591.037
3985,400,41,41,103,34,2,0,0,1,0.05,0.1671,1590.097
3986,400,42,42,100,32,1,0,0,1,0.05,0.1879,1587.939
3987,400,37,37,101,34,3,0,0,1,0.05,0.17592,1568.481
3988,400,46,46,113,33,3,0,0,1,0.05,0.15829,1598.601
3989,400,41,41,110,34,2,0,0,1,0.05,0.17029,1578.711
3990,400,43,43,104,33,7,0,0,1,0.05,0.1646,1581.941
3991,400,47,47,108,34,3,0,0,1,0.05,0.17175,1604.267
3992,400,38,38,99,34,1,0,0,1,0.05,0.17505,1580.711
3993,400,41,41,82,33,4,0,0,1,0.05,0.18202,1565.395
3994,400,44,44,119,35,6,0,0,1,0.05,0.18072,1587.124
3995,400,43,43,109,33,6,0,0,1,0.05,0.17198,1604.807
3996,400,41,41,97,32,1,0,0,1,0.05,0.17334,1593.983
3997,400,42,42,105,32,6,0,0,1,0.05,0.17092,1599.316
3998,400,41,41,103,33,2,0,0,1,0.05,0.16422,1594.645
3999,400,42,42,108,32,2,0,0,1,0.05,0.16891,1598.421
4000,400,41,41,102,33,1,0,0,1,0.05,0.15508,1589.217
